"Ajatempel (UTC)";"Kuupäev (Eesti aeg)";"NPS Läti";"NPS Leedu";"NPS Soome";"NPS Eesti"
"1514757600";"01.01.2018 00:00";"25,65";"25,65";"25,65";"25,65"
"1514761200";"01.01.2018 01:00";"26,33";"26,33";"26,33";"26,33"
"1514764800";"01.01.2018 02:00";"26,43";"26,43";"26,43";"26,43"
"1514768400";"01.01.2018 03:00";"26,1";"26,1";"26,1";"26,1"
"1514772000";"01.01.2018 04:00";"24,7";"24,7";"24,7";"24,7"
"1514775600";"01.01.2018 05:00";"24,74";"24,74";"24,74";"24,74"
"1514779200";"01.01.2018 06:00";"18,01";"18,01";"18,01";"18,01"
"1514782800";"01.01.2018 07:00";"17,78";"17,78";"17,78";"17,78"
"1514786400";"01.01.2018 08:00";"17,8";"17,8";"17,8";"17,8"
"1514790000";"01.01.2018 09:00";"19,76";"19,76";"19,76";"19,76"
"1514793600";"01.01.2018 10:00";"20,73";"20,73";"20,73";"20,73"
"1514797200";"01.01.2018 11:00";"24,76";"24,76";"24,76";"24,76"
"1514800800";"01.01.2018 12:00";"25,68";"25,68";"25,68";"25,68"
"1514804400";"01.01.2018 13:00";"24,09";"24,09";"24,09";"24,09"
"1514808000";"01.01.2018 14:00";"25,01";"25,01";"25,01";"25,01"
"1514811600";"01.01.2018 15:00";"25,81";"25,81";"25,81";"25,81"
"1514815200";"01.01.2018 16:00";"26,46";"26,46";"26,46";"26,46"
"1514818800";"01.01.2018 17:00";"27,03";"27,03";"27,03";"27,03"
"1514822400";"01.01.2018 18:00";"27,43";"27,43";"27,43";"27,43"
"1514826000";"01.01.2018 19:00";"27,29";"27,29";"27,29";"27,29"
"1514829600";"01.01.2018 20:00";"26,96";"26,96";"26,96";"26,96"
"1514833200";"01.01.2018 21:00";"26,7";"26,7";"26,7";"26,7"
"1514836800";"01.01.2018 22:00";"26,47";"26,47";"26,47";"26,47"
"1514840400";"01.01.2018 23:00";"26,09";"26,09";"26,09";"26,09"
"1514844000";"02.01.2018 00:00";"24,88";"24,88";"24,88";"24,88"
"1514847600";"02.01.2018 01:00";"25,28";"25,28";"25,28";"25,28"
"1514851200";"02.01.2018 02:00";"23,16";"23,16";"23,16";"23,16"
"1514854800";"02.01.2018 03:00";"24,78";"24,78";"24,78";"24,78"
"1514858400";"02.01.2018 04:00";"25,03";"25,03";"25,03";"25,03"
"1514862000";"02.01.2018 05:00";"25,73";"25,73";"25,73";"25,73"
"1514865600";"02.01.2018 06:00";"26,84";"26,84";"26,84";"26,84"
"1514869200";"02.01.2018 07:00";"27,8";"27,8";"27,8";"27,8"
"1514872800";"02.01.2018 08:00";"30,5";"30,5";"30,5";"30,5"
"1514876400";"02.01.2018 09:00";"31,93";"31,93";"31,93";"31,93"
"1514880000";"02.01.2018 10:00";"33,53";"33,53";"33,53";"33,53"
"1514883600";"02.01.2018 11:00";"35,04";"35,04";"35,04";"35,04"
"1514887200";"02.01.2018 12:00";"35,22";"35,22";"35,22";"35,22"
"1514890800";"02.01.2018 13:00";"34,56";"34,56";"34,56";"34,56"
"1514894400";"02.01.2018 14:00";"34,1";"34,1";"34,1";"34,1"
"1514898000";"02.01.2018 15:00";"35,98";"35,98";"35,98";"35,98"
"1514901600";"02.01.2018 16:00";"38,05";"38,05";"38,05";"38,05"
"1514905200";"02.01.2018 17:00";"41,67";"41,67";"41,67";"41,67"
"1514908800";"02.01.2018 18:00";"42,39";"42,39";"42,39";"42,39"
"1514912400";"02.01.2018 19:00";"37,79";"37,79";"37,79";"37,79"
"1514916000";"02.01.2018 20:00";"34,08";"34,08";"33,7";"33,7"
"1514919600";"02.01.2018 21:00";"30,88";"30,88";"30,88";"30,88"
"1514923200";"02.01.2018 22:00";"28,85";"28,85";"28,85";"28,85"
"1514926800";"02.01.2018 23:00";"27,99";"27,99";"27,99";"27,99"
"1514930400";"03.01.2018 00:00";"27,6";"27,6";"27,6";"27,6"
"1514934000";"03.01.2018 01:00";"27,12";"27,12";"27,12";"27,12"
"1514937600";"03.01.2018 02:00";"26,61";"26,61";"26,61";"26,61"
"1514941200";"03.01.2018 03:00";"26,26";"26,26";"26,26";"26,26"
"1514944800";"03.01.2018 04:00";"26,23";"26,23";"26,23";"26,23"
"1514948400";"03.01.2018 05:00";"26,42";"26,42";"26,42";"26,42"
"1514952000";"03.01.2018 06:00";"27,47";"27,47";"27,47";"27,47"
"1514955600";"03.01.2018 07:00";"28,31";"28,31";"28,31";"28,31"
"1514959200";"03.01.2018 08:00";"28,95";"28,95";"28,95";"28,95"
"1514962800";"03.01.2018 09:00";"29,2";"29,2";"29,2";"29,2"
"1514966400";"03.01.2018 10:00";"29,28";"29,28";"29,28";"29,28"
"1514970000";"03.01.2018 11:00";"29,42";"29,42";"29,42";"29,42"
"1514973600";"03.01.2018 12:00";"29,25";"29,25";"29,25";"29,25"
"1514977200";"03.01.2018 13:00";"29,23";"29,23";"29,23";"29,23"
"1514980800";"03.01.2018 14:00";"29,49";"29,49";"29,49";"29,49"
"1514984400";"03.01.2018 15:00";"29,86";"29,86";"29,86";"29,86"
"1514988000";"03.01.2018 16:00";"30,51";"30,51";"30,51";"30,51"
"1514991600";"03.01.2018 17:00";"31,33";"31,33";"31,33";"31,33"
"1514995200";"03.01.2018 18:00";"31,59";"31,59";"31,59";"31,59"
"1514998800";"03.01.2018 19:00";"30,78";"30,78";"30,78";"30,78"
"1515002400";"03.01.2018 20:00";"30,15";"30,15";"30,15";"30,15"
"1515006000";"03.01.2018 21:00";"29,37";"29,37";"29,37";"29,37"
"1515009600";"03.01.2018 22:00";"28,93";"28,93";"28,93";"28,93"
"1515013200";"03.01.2018 23:00";"28,13";"28,13";"28,13";"28,13"
"1515016800";"04.01.2018 00:00";"27,31";"27,31";"27,31";"27,31"
"1515020400";"04.01.2018 01:00";"27,05";"27,05";"27,05";"27,05"
"1515024000";"04.01.2018 02:00";"26,78";"26,78";"26,78";"26,78"
"1515027600";"04.01.2018 03:00";"26,47";"26,47";"26,47";"26,47"
"1515031200";"04.01.2018 04:00";"26,49";"26,49";"26,49";"26,49"
"1515034800";"04.01.2018 05:00";"26,6";"26,6";"26,6";"26,6"
"1515038400";"04.01.2018 06:00";"27,01";"27,01";"27,01";"27,01"
"1515042000";"04.01.2018 07:00";"28,04";"28,04";"28,04";"28,04"
"1515045600";"04.01.2018 08:00";"30,43";"30,43";"30,43";"30,43"
"1515049200";"04.01.2018 09:00";"36,3";"36,3";"32,83";"32,83"
"1515052800";"04.01.2018 10:00";"34,97";"34,97";"34,97";"34,97"
"1515056400";"04.01.2018 11:00";"37,55";"37,55";"37,55";"37,55"
"1515060000";"04.01.2018 12:00";"36,02";"36,02";"36,02";"36,02"
"1515063600";"04.01.2018 13:00";"35,53";"35,53";"35,53";"35,53"
"1515067200";"04.01.2018 14:00";"35,3";"35,3";"35,3";"35,3"
"1515070800";"04.01.2018 15:00";"35,83";"35,83";"35,83";"35,83"
"1515074400";"04.01.2018 16:00";"37,83";"37,83";"37,83";"37,83"
"1515078000";"04.01.2018 17:00";"39,03";"39,03";"39,03";"39,03"
"1515081600";"04.01.2018 18:00";"37,91";"37,91";"37,91";"37,91"
"1515085200";"04.01.2018 19:00";"35,03";"35,03";"35,03";"35,03"
"1515088800";"04.01.2018 20:00";"31,87";"31,87";"31,87";"31,87"
"1515092400";"04.01.2018 21:00";"30,78";"30,78";"30,78";"30,78"
"1515096000";"04.01.2018 22:00";"30,27";"30,27";"30,27";"30,27"
"1515099600";"04.01.2018 23:00";"29,63";"29,63";"29,63";"29,63"
"1515103200";"05.01.2018 00:00";"28,05";"28,05";"28,05";"28,05"
"1515106800";"05.01.2018 01:00";"27,38";"27,38";"27,38";"27,38"
"1515110400";"05.01.2018 02:00";"26,93";"26,93";"26,93";"26,93"
"1515114000";"05.01.2018 03:00";"26,5";"26,5";"26,5";"26,5"
"1515117600";"05.01.2018 04:00";"26,5";"26,5";"26,5";"26,5"
"1515121200";"05.01.2018 05:00";"26,88";"26,88";"26,88";"26,88"
"1515124800";"05.01.2018 06:00";"27,66";"27,66";"27,66";"27,66"
"1515128400";"05.01.2018 07:00";"28,65";"28,65";"28,65";"28,65"
"1515132000";"05.01.2018 08:00";"30,44";"30,44";"30,44";"30,44"
"1515135600";"05.01.2018 09:00";"32,96";"32,96";"32,53";"32,53"
"1515139200";"05.01.2018 10:00";"35,43";"35,43";"33,52";"33,52"
"1515142800";"05.01.2018 11:00";"37,59";"37,59";"33,31";"33,31"
"1515146400";"05.01.2018 12:00";"37,55";"37,55";"32,98";"32,98"
"1515150000";"05.01.2018 13:00";"37,55";"37,55";"32,88";"32,88"
"1515153600";"05.01.2018 14:00";"37,52";"37,52";"32,84";"32,84"
"1515157200";"05.01.2018 15:00";"32,94";"32,94";"32,87";"32,87"
"1515160800";"05.01.2018 16:00";"37,51";"37,51";"33,5";"33,5"
"1515164400";"05.01.2018 17:00";"37,6";"37,6";"35,1";"35,1"
"1515168000";"05.01.2018 18:00";"37,56";"37,56";"37,3";"37,3"
"1515171600";"05.01.2018 19:00";"34";"34";"34";"34"
"1515175200";"05.01.2018 20:00";"32,25";"32,25";"32,25";"32,25"
"1515178800";"05.01.2018 21:00";"31,51";"31,51";"31,51";"31,51"
"1515182400";"05.01.2018 22:00";"31,25";"31,25";"31,25";"31,25"
"1515186000";"05.01.2018 23:00";"30,44";"30,44";"30,44";"30,44"
"1515189600";"06.01.2018 00:00";"29,64";"29,64";"29,64";"29,64"
"1515193200";"06.01.2018 01:00";"29,45";"29,45";"29,45";"29,45"
"1515196800";"06.01.2018 02:00";"28,55";"28,55";"28,55";"28,55"
"1515200400";"06.01.2018 03:00";"28,18";"28,18";"28,18";"28,18"
"1515204000";"06.01.2018 04:00";"28";"28";"28";"28"
"1515207600";"06.01.2018 05:00";"28,15";"28,15";"28,15";"28,15"
"1515211200";"06.01.2018 06:00";"28,7";"28,7";"28,7";"28,7"
"1515214800";"06.01.2018 07:00";"29,48";"29,48";"29,48";"29,48"
"1515218400";"06.01.2018 08:00";"30,35";"30,35";"30,35";"30,35"
"1515222000";"06.01.2018 09:00";"30,38";"30,38";"30,38";"30,38"
"1515225600";"06.01.2018 10:00";"30,9";"30,9";"30,9";"30,9"
"1515229200";"06.01.2018 11:00";"31,89";"31,89";"31,89";"31,89"
"1515232800";"06.01.2018 12:00";"32,86";"32,86";"32,86";"32,86"
"1515236400";"06.01.2018 13:00";"32,17";"32,17";"32,17";"32,17"
"1515240000";"06.01.2018 14:00";"31,79";"31,79";"31,79";"31,79"
"1515243600";"06.01.2018 15:00";"31,77";"31,77";"31,77";"31,77"
"1515247200";"06.01.2018 16:00";"33,05";"33,05";"33,05";"33,05"
"1515250800";"06.01.2018 17:00";"39,54";"39,54";"36,47";"36,47"
"1515254400";"06.01.2018 18:00";"41,39";"41,39";"36,53";"36,53"
"1515258000";"06.01.2018 19:00";"34,45";"34,45";"34,45";"34,45"
"1515261600";"06.01.2018 20:00";"31,93";"31,93";"31,93";"31,93"
"1515265200";"06.01.2018 21:00";"31,06";"31,06";"31,06";"31,06"
"1515268800";"06.01.2018 22:00";"30,72";"30,72";"30,72";"30,72"
"1515272400";"06.01.2018 23:00";"29,98";"29,98";"29,98";"29,98"
"1515276000";"07.01.2018 00:00";"29,03";"29,03";"29,03";"29,03"
"1515279600";"07.01.2018 01:00";"27,58";"27,58";"27,58";"27,58"
"1515283200";"07.01.2018 02:00";"25,9";"25,9";"25,9";"25,9"
"1515286800";"07.01.2018 03:00";"25,89";"25,89";"25,89";"25,89"
"1515290400";"07.01.2018 04:00";"26,16";"26,16";"26,16";"26,16"
"1515294000";"07.01.2018 05:00";"26,6";"26,6";"26,6";"26,6"
"1515297600";"07.01.2018 06:00";"27,14";"27,14";"27,14";"27,14"
"1515301200";"07.01.2018 07:00";"27,43";"27,43";"27,43";"27,43"
"1515304800";"07.01.2018 08:00";"27,69";"27,69";"27,69";"27,69"
"1515308400";"07.01.2018 09:00";"27,93";"27,93";"27,93";"27,93"
"1515312000";"07.01.2018 10:00";"28,33";"28,33";"28,33";"28,33"
"1515315600";"07.01.2018 11:00";"28,79";"28,79";"28,79";"28,79"
"1515319200";"07.01.2018 12:00";"28,95";"28,95";"28,95";"28,95"
"1515322800";"07.01.2018 13:00";"28,96";"28,96";"28,96";"28,96"
"1515326400";"07.01.2018 14:00";"28,27";"28,27";"28,27";"28,27"
"1515330000";"07.01.2018 15:00";"28,29";"28,29";"28,29";"28,29"
"1515333600";"07.01.2018 16:00";"28,62";"28,62";"28,62";"28,62"
"1515337200";"07.01.2018 17:00";"29,38";"29,38";"29,38";"29,38"
"1515340800";"07.01.2018 18:00";"30,88";"30,88";"30,88";"30,88"
"1515344400";"07.01.2018 19:00";"31,51";"31,51";"31,51";"31,51"
"1515348000";"07.01.2018 20:00";"31,12";"31,12";"31,12";"31,12"
"1515351600";"07.01.2018 21:00";"29,96";"29,96";"29,96";"29,96"
"1515355200";"07.01.2018 22:00";"28,94";"28,94";"28,94";"28,94"
"1515358800";"07.01.2018 23:00";"28,9";"28,9";"28,9";"28,9"
"1515362400";"08.01.2018 00:00";"27,57";"27,57";"27,57";"27,57"
"1515366000";"08.01.2018 01:00";"25,03";"25,03";"25,03";"25,03"
"1515369600";"08.01.2018 02:00";"23,96";"23,96";"23,96";"23,96"
"1515373200";"08.01.2018 03:00";"23,92";"23,92";"23,92";"23,92"
"1515376800";"08.01.2018 04:00";"25,48";"25,48";"25,48";"25,48"
"1515380400";"08.01.2018 05:00";"26,12";"26,12";"26,12";"26,12"
"1515384000";"08.01.2018 06:00";"27,96";"27,96";"27,96";"27,96"
"1515387600";"08.01.2018 07:00";"29,62";"29,62";"29,62";"29,62"
"1515391200";"08.01.2018 08:00";"41,9";"41,9";"32,73";"32,73"
"1515394800";"08.01.2018 09:00";"43,87";"43,87";"41,67";"41,67"
"1515398400";"08.01.2018 10:00";"42,57";"42,57";"42,57";"42,57"
"1515402000";"08.01.2018 11:00";"41,98";"41,98";"39,48";"39,48"
"1515405600";"08.01.2018 12:00";"41,54";"41,54";"35,87";"35,87"
"1515409200";"08.01.2018 13:00";"41,87";"41,87";"33,09";"33,09"
"1515412800";"08.01.2018 14:00";"41,87";"41,87";"32,91";"32,91"
"1515416400";"08.01.2018 15:00";"39,93";"39,93";"34,35";"34,35"
"1515420000";"08.01.2018 16:00";"40,97";"40,97";"38,01";"38,01"
"1515423600";"08.01.2018 17:00";"39,69";"39,69";"39,69";"39,69"
"1515427200";"08.01.2018 18:00";"40,26";"40,26";"40,26";"40,26"
"1515430800";"08.01.2018 19:00";"37,08";"37,08";"32,95";"32,95"
"1515434400";"08.01.2018 20:00";"31,16";"31,16";"31,16";"31,16"
"1515438000";"08.01.2018 21:00";"29,68";"29,68";"29,68";"29,68"
"1515441600";"08.01.2018 22:00";"28,92";"28,92";"28,92";"28,92"
"1515445200";"08.01.2018 23:00";"28,49";"28,49";"28,49";"28,49"
"1515448800";"09.01.2018 00:00";"28,09";"28,09";"28,09";"28,09"
"1515452400";"09.01.2018 01:00";"27,17";"27,17";"27,17";"27,17"
"1515456000";"09.01.2018 02:00";"25,29";"25,29";"25,29";"25,29"
"1515459600";"09.01.2018 03:00";"25,3";"25,3";"25,3";"25,3"
"1515463200";"09.01.2018 04:00";"26,58";"26,58";"26,58";"26,58"
"1515466800";"09.01.2018 05:00";"27,26";"27,26";"27,26";"27,26"
"1515470400";"09.01.2018 06:00";"28,25";"28,25";"28,25";"28,25"
"1515474000";"09.01.2018 07:00";"28,99";"28,99";"28,99";"28,99"
"1515477600";"09.01.2018 08:00";"39,05";"39,05";"39,05";"39,05"
"1515481200";"09.01.2018 09:00";"39,07";"39,07";"39,07";"39,07"
"1515484800";"09.01.2018 10:00";"39,44";"39,44";"39,44";"39,44"
"1515488400";"09.01.2018 11:00";"39,48";"39,48";"39,48";"39,48"
"1515492000";"09.01.2018 12:00";"40,59";"40,59";"40,59";"40,59"
"1515495600";"09.01.2018 13:00";"39,87";"39,87";"39,87";"39,87"
"1515499200";"09.01.2018 14:00";"40";"40";"40";"40"
"1515502800";"09.01.2018 15:00";"39,63";"39,63";"39,63";"39,63"
"1515506400";"09.01.2018 16:00";"40,7";"40,7";"40,7";"40,7"
"1515510000";"09.01.2018 17:00";"42,17";"42,17";"42,17";"42,17"
"1515513600";"09.01.2018 18:00";"42,21";"42,21";"42,21";"42,21"
"1515517200";"09.01.2018 19:00";"42,09";"42,09";"42,09";"42,09"
"1515520800";"09.01.2018 20:00";"31,5";"31,5";"31,5";"31,5"
"1515524400";"09.01.2018 21:00";"30,59";"30,59";"30,59";"30,59"
"1515528000";"09.01.2018 22:00";"30,15";"30,15";"30,15";"30,15"
"1515531600";"09.01.2018 23:00";"29,23";"29,23";"29,23";"29,23"
"1515535200";"10.01.2018 00:00";"28,56";"28,56";"28,56";"28,56"
"1515538800";"10.01.2018 01:00";"28,87";"28,87";"28,87";"28,87"
"1515542400";"10.01.2018 02:00";"28,3";"28,3";"28,3";"28,3"
"1515546000";"10.01.2018 03:00";"27,95";"27,95";"27,95";"27,95"
"1515549600";"10.01.2018 04:00";"27,57";"27,57";"27,57";"27,57"
"1515553200";"10.01.2018 05:00";"28,04";"28,04";"28,04";"28,04"
"1515556800";"10.01.2018 06:00";"30,17";"30,17";"30,17";"30,17"
"1515560400";"10.01.2018 07:00";"36,62";"36,62";"36,62";"36,62"
"1515564000";"10.01.2018 08:00";"44,01";"44,01";"44,01";"44,01"
"1515567600";"10.01.2018 09:00";"47,98";"47,98";"47,98";"47,98"
"1515571200";"10.01.2018 10:00";"47,98";"47,98";"47,98";"47,98"
"1515574800";"10.01.2018 11:00";"48,04";"48,04";"48,04";"48,04"
"1515578400";"10.01.2018 12:00";"47,78";"47,78";"47,78";"47,78"
"1515582000";"10.01.2018 13:00";"47,09";"47,09";"47,09";"47,09"
"1515585600";"10.01.2018 14:00";"44,15";"44,15";"44,15";"44,15"
"1515589200";"10.01.2018 15:00";"46,02";"46,02";"46,02";"46,02"
"1515592800";"10.01.2018 16:00";"48,03";"48,03";"48,03";"48,03"
"1515596400";"10.01.2018 17:00";"48,9";"48,9";"48,9";"48,9"
"1515600000";"10.01.2018 18:00";"51,9";"51,9";"51,9";"51,9"
"1515603600";"10.01.2018 19:00";"52,69";"52,69";"52,69";"52,69"
"1515607200";"10.01.2018 20:00";"44,94";"44,94";"44,94";"44,94"
"1515610800";"10.01.2018 21:00";"39,72";"39,72";"39,72";"39,72"
"1515614400";"10.01.2018 22:00";"35,81";"35,81";"35,81";"35,81"
"1515618000";"10.01.2018 23:00";"31,92";"31,92";"31,92";"31,92"
"1515621600";"11.01.2018 00:00";"30,34";"30,34";"30,34";"30,34"
"1515625200";"11.01.2018 01:00";"31,01";"31,01";"31,01";"31,01"
"1515628800";"11.01.2018 02:00";"30,03";"30,03";"30,03";"30,03"
"1515632400";"11.01.2018 03:00";"29,86";"29,86";"29,86";"29,86"
"1515636000";"11.01.2018 04:00";"29,97";"29,97";"29,97";"29,97"
"1515639600";"11.01.2018 05:00";"30,95";"30,95";"30,95";"30,95"
"1515643200";"11.01.2018 06:00";"33,24";"33,24";"33,24";"33,24"
"1515646800";"11.01.2018 07:00";"39,44";"39,44";"39,44";"39,44"
"1515650400";"11.01.2018 08:00";"51,37";"51,37";"51,37";"51,37"
"1515654000";"11.01.2018 09:00";"55,65";"55,65";"55,65";"55,65"
"1515657600";"11.01.2018 10:00";"55,11";"55,11";"55,11";"55,11"
"1515661200";"11.01.2018 11:00";"55,13";"55,13";"55,13";"55,13"
"1515664800";"11.01.2018 12:00";"54,57";"54,57";"54,57";"54,57"
"1515668400";"11.01.2018 13:00";"52,86";"52,86";"52,86";"52,86"
"1515672000";"11.01.2018 14:00";"46,87";"46,87";"46,87";"46,87"
"1515675600";"11.01.2018 15:00";"49,91";"49,91";"49,91";"49,91"
"1515679200";"11.01.2018 16:00";"52,28";"52,28";"52,28";"52,28"
"1515682800";"11.01.2018 17:00";"54,81";"54,81";"54,81";"54,81"
"1515686400";"11.01.2018 18:00";"56,38";"56,38";"56,38";"56,38"
"1515690000";"11.01.2018 19:00";"56,1";"56,1";"56,1";"56,1"
"1515693600";"11.01.2018 20:00";"40,06";"40,06";"40,06";"40,06"
"1515697200";"11.01.2018 21:00";"35,14";"35,14";"35,14";"35,14"
"1515700800";"11.01.2018 22:00";"33,14";"33,14";"33,14";"33,14"
"1515704400";"11.01.2018 23:00";"31,05";"31,05";"31,05";"31,05"
"1515708000";"12.01.2018 00:00";"30,06";"30,06";"30,06";"30,06"
"1515711600";"12.01.2018 01:00";"30";"30";"30";"30"
"1515715200";"12.01.2018 02:00";"29,42";"29,42";"29,42";"29,42"
"1515718800";"12.01.2018 03:00";"29,2";"29,2";"29,2";"29,2"
"1515722400";"12.01.2018 04:00";"29,18";"29,18";"29,18";"29,18"
"1515726000";"12.01.2018 05:00";"29,6";"29,6";"29,6";"29,6"
"1515729600";"12.01.2018 06:00";"31,22";"31,22";"31,22";"31,22"
"1515733200";"12.01.2018 07:00";"38,52";"38,52";"38,52";"38,52"
"1515736800";"12.01.2018 08:00";"46,82";"46,82";"46,82";"46,82"
"1515740400";"12.01.2018 09:00";"47,08";"47,08";"47,08";"47,08"
"1515744000";"12.01.2018 10:00";"44,35";"44,35";"44,35";"44,35"
"1515747600";"12.01.2018 11:00";"43,57";"43,57";"43,57";"43,57"
"1515751200";"12.01.2018 12:00";"43,44";"43,44";"43,44";"43,44"
"1515754800";"12.01.2018 13:00";"39,58";"39,58";"39,58";"39,58"
"1515758400";"12.01.2018 14:00";"37,63";"37,63";"37,63";"37,63"
"1515762000";"12.01.2018 15:00";"40,11";"40,11";"40,11";"40,11"
"1515765600";"12.01.2018 16:00";"43,35";"43,35";"43,35";"43,35"
"1515769200";"12.01.2018 17:00";"44,07";"44,07";"44,07";"44,07"
"1515772800";"12.01.2018 18:00";"45,89";"45,89";"45,89";"45,89"
"1515776400";"12.01.2018 19:00";"43,53";"43,53";"43,53";"43,53"
"1515780000";"12.01.2018 20:00";"33,11";"33,11";"33,11";"33,11"
"1515783600";"12.01.2018 21:00";"31,56";"31,56";"31,56";"31,56"
"1515787200";"12.01.2018 22:00";"31,45";"31,45";"31,45";"31,45"
"1515790800";"12.01.2018 23:00";"30,36";"30,36";"30,36";"30,36"
"1515794400";"13.01.2018 00:00";"29,54";"29,54";"29,54";"29,54"
"1515798000";"13.01.2018 01:00";"30,15";"30,15";"30,15";"30,15"
"1515801600";"13.01.2018 02:00";"29,63";"29,63";"29,63";"29,63"
"1515805200";"13.01.2018 03:00";"29,16";"29,16";"29,16";"29,16"
"1515808800";"13.01.2018 04:00";"28,93";"28,93";"28,93";"28,93"
"1515812400";"13.01.2018 05:00";"28,79";"28,79";"28,79";"28,79"
"1515816000";"13.01.2018 06:00";"28,98";"28,98";"28,98";"28,98"
"1515819600";"13.01.2018 07:00";"29,35";"29,35";"29,35";"29,35"
"1515823200";"13.01.2018 08:00";"30,28";"30,28";"30,28";"30,28"
"1515826800";"13.01.2018 09:00";"31,48";"31,48";"31,48";"31,48"
"1515830400";"13.01.2018 10:00";"32,36";"32,36";"32,36";"32,36"
"1515834000";"13.01.2018 11:00";"37,28";"37,28";"37,28";"37,28"
"1515837600";"13.01.2018 12:00";"37,44";"37,44";"37,44";"37,44"
"1515841200";"13.01.2018 13:00";"35,61";"35,61";"35,61";"35,61"
"1515844800";"13.01.2018 14:00";"31,94";"31,94";"31,94";"31,94"
"1515848400";"13.01.2018 15:00";"34,22";"34,22";"34,22";"34,22"
"1515852000";"13.01.2018 16:00";"38,29";"38,29";"38,29";"38,29"
"1515855600";"13.01.2018 17:00";"41,24";"41,24";"41,24";"41,24"
"1515859200";"13.01.2018 18:00";"37,96";"37,96";"37,96";"37,96"
"1515862800";"13.01.2018 19:00";"36,71";"36,71";"36,71";"36,71"
"1515866400";"13.01.2018 20:00";"32,07";"32,07";"32,07";"32,07"
"1515870000";"13.01.2018 21:00";"30,59";"30,59";"30,59";"30,59"
"1515873600";"13.01.2018 22:00";"29,8";"29,8";"29,8";"29,8"
"1515877200";"13.01.2018 23:00";"29,34";"29,34";"29,34";"29,34"
"1515880800";"14.01.2018 00:00";"28,8";"28,8";"28,8";"28,8"
"1515884400";"14.01.2018 01:00";"28,9";"28,9";"28,9";"28,9"
"1515888000";"14.01.2018 02:00";"28,44";"28,44";"28,44";"28,44"
"1515891600";"14.01.2018 03:00";"28,06";"28,06";"28,06";"28,06"
"1515895200";"14.01.2018 04:00";"27,97";"27,97";"27,97";"27,97"
"1515898800";"14.01.2018 05:00";"27,87";"27,87";"27,87";"27,87"
"1515902400";"14.01.2018 06:00";"28,01";"28,01";"28,01";"28,01"
"1515906000";"14.01.2018 07:00";"28,35";"28,35";"28,35";"28,35"
"1515909600";"14.01.2018 08:00";"28,55";"28,55";"28,55";"28,55"
"1515913200";"14.01.2018 09:00";"28,83";"28,83";"28,83";"28,83"
"1515916800";"14.01.2018 10:00";"29,41";"29,41";"29,41";"29,41"
"1515920400";"14.01.2018 11:00";"29,74";"29,74";"29,74";"29,74"
"1515924000";"14.01.2018 12:00";"30,13";"30,13";"30,13";"30,13"
"1515927600";"14.01.2018 13:00";"29,81";"29,81";"29,81";"29,81"
"1515931200";"14.01.2018 14:00";"29,44";"29,44";"29,44";"29,44"
"1515934800";"14.01.2018 15:00";"29,94";"29,94";"29,94";"29,94"
"1515938400";"14.01.2018 16:00";"31,32";"31,32";"31,32";"31,32"
"1515942000";"14.01.2018 17:00";"33,97";"33,97";"33,27";"33,27"
"1515945600";"14.01.2018 18:00";"37,08";"37,08";"33,98";"33,98"
"1515949200";"14.01.2018 19:00";"36,33";"36,33";"32,5";"32,5"
"1515952800";"14.01.2018 20:00";"33,38";"33,38";"31,38";"31,38"
"1515956400";"14.01.2018 21:00";"35,42";"35,42";"30,55";"30,55"
"1515960000";"14.01.2018 22:00";"29,69";"29,69";"29,69";"29,69"
"1515963600";"14.01.2018 23:00";"29,33";"29,33";"29,33";"29,33"
"1515967200";"15.01.2018 00:00";"28,82";"28,82";"28,82";"28,82"
"1515970800";"15.01.2018 01:00";"26,9";"26,9";"26,9";"26,9"
"1515974400";"15.01.2018 02:00";"24,61";"24,61";"24,61";"24,61"
"1515978000";"15.01.2018 03:00";"23,1";"23,1";"23,1";"23,1"
"1515981600";"15.01.2018 04:00";"20,89";"20,89";"20,89";"20,89"
"1515985200";"15.01.2018 05:00";"27,15";"27,15";"27,15";"27,15"
"1515988800";"15.01.2018 06:00";"28,74";"28,74";"28,74";"28,74"
"1515992400";"15.01.2018 07:00";"31,28";"31,28";"31,28";"31,28"
"1515996000";"15.01.2018 08:00";"42,11";"42,11";"42,11";"42,11"
"1515999600";"15.01.2018 09:00";"39,42";"39,42";"39,42";"39,42"
"1516003200";"15.01.2018 10:00";"37,51";"37,51";"37,51";"37,51"
"1516006800";"15.01.2018 11:00";"38,09";"38,09";"38,09";"38,09"
"1516010400";"15.01.2018 12:00";"36,41";"36,41";"36,41";"36,41"
"1516014000";"15.01.2018 13:00";"35,53";"35,53";"35,53";"35,53"
"1516017600";"15.01.2018 14:00";"37,41";"37,41";"37,41";"37,41"
"1516021200";"15.01.2018 15:00";"38,75";"38,75";"38,75";"38,75"
"1516024800";"15.01.2018 16:00";"41,62";"41,62";"41,62";"41,62"
"1516028400";"15.01.2018 17:00";"39,43";"39,43";"39,43";"39,43"
"1516032000";"15.01.2018 18:00";"38,38";"38,38";"38,38";"38,38"
"1516035600";"15.01.2018 19:00";"39,66";"39,66";"39,66";"39,66"
"1516039200";"15.01.2018 20:00";"29,16";"29,16";"29,16";"29,16"
"1516042800";"15.01.2018 21:00";"28,86";"28,86";"28,86";"28,86"
"1516046400";"15.01.2018 22:00";"28,03";"28,03";"28,03";"28,03"
"1516050000";"15.01.2018 23:00";"24,71";"24,71";"24,71";"24,71"
"1516053600";"16.01.2018 00:00";"16,53";"16,53";"16,53";"16,53"
"1516057200";"16.01.2018 01:00";"26,14";"26,14";"26,14";"26,14"
"1516060800";"16.01.2018 02:00";"23,78";"23,78";"23,78";"23,78"
"1516064400";"16.01.2018 03:00";"20,39";"20,39";"20,39";"20,39"
"1516068000";"16.01.2018 04:00";"21,51";"21,51";"21,51";"21,51"
"1516071600";"16.01.2018 05:00";"23,69";"23,69";"23,69";"23,69"
"1516075200";"16.01.2018 06:00";"27,91";"27,91";"27,91";"27,91"
"1516078800";"16.01.2018 07:00";"30,01";"30,01";"30,01";"30,01"
"1516082400";"16.01.2018 08:00";"35,47";"35,47";"35,47";"35,47"
"1516086000";"16.01.2018 09:00";"34,87";"34,87";"34,87";"34,87"
"1516089600";"16.01.2018 10:00";"34,87";"34,87";"34,87";"34,87"
"1516093200";"16.01.2018 11:00";"33,35";"33,35";"33,35";"33,35"
"1516096800";"16.01.2018 12:00";"32,97";"32,97";"32,97";"32,97"
"1516100400";"16.01.2018 13:00";"33,35";"33,35";"33,35";"33,35"
"1516104000";"16.01.2018 14:00";"32,9";"32,9";"32,9";"32,9"
"1516107600";"16.01.2018 15:00";"32,89";"32,89";"32,89";"32,89"
"1516111200";"16.01.2018 16:00";"34,85";"34,85";"34,85";"34,85"
"1516114800";"16.01.2018 17:00";"36,94";"36,94";"36,94";"36,94"
"1516118400";"16.01.2018 18:00";"42,18";"42,18";"42,18";"42,18"
"1516122000";"16.01.2018 19:00";"44,34";"44,34";"44,34";"44,34"
"1516125600";"16.01.2018 20:00";"33,99";"33,99";"33,99";"33,99"
"1516129200";"16.01.2018 21:00";"34,81";"34,81";"31,78";"31,78"
"1516132800";"16.01.2018 22:00";"30,69";"30,69";"30,69";"30,69"
"1516136400";"16.01.2018 23:00";"29,38";"29,38";"29,38";"29,38"
"1516140000";"17.01.2018 00:00";"27,88";"27,88";"27,88";"27,88"
"1516143600";"17.01.2018 01:00";"28,14";"28,14";"28,14";"28,14"
"1516147200";"17.01.2018 02:00";"28,02";"28,02";"27,75";"27,75"
"1516150800";"17.01.2018 03:00";"28,02";"28,02";"27,53";"27,53"
"1516154400";"17.01.2018 04:00";"28,07";"28,07";"27,47";"27,47"
"1516158000";"17.01.2018 05:00";"30,08";"30,08";"27,91";"27,91"
"1516161600";"17.01.2018 06:00";"34,06";"34,06";"33";"33"
"1516165200";"17.01.2018 07:00";"43,6";"43,6";"43,6";"43,6"
"1516168800";"17.01.2018 08:00";"67,32";"67,32";"67,32";"67,32"
"1516172400";"17.01.2018 09:00";"49,1";"49,1";"49,1";"49,1"
"1516176000";"17.01.2018 10:00";"49,02";"49,02";"49,02";"49,02"
"1516179600";"17.01.2018 11:00";"48,06";"48,06";"42,59";"42,59"
"1516183200";"17.01.2018 12:00";"48";"48";"42,79";"42,79"
"1516186800";"17.01.2018 13:00";"48,28";"48,28";"42,01";"42,01"
"1516190400";"17.01.2018 14:00";"48,48";"48,48";"41,53";"41,53"
"1516194000";"17.01.2018 15:00";"48,07";"48,07";"46,51";"46,51"
"1516197600";"17.01.2018 16:00";"58,3";"58,3";"58,3";"58,3"
"1516201200";"17.01.2018 17:00";"55,33";"55,33";"55,33";"55,33"
"1516204800";"17.01.2018 18:00";"55,11";"55,11";"55,11";"55,11"
"1516208400";"17.01.2018 19:00";"49,03";"49,03";"49,03";"49,03"
"1516212000";"17.01.2018 20:00";"43,21";"43,21";"35,91";"35,91"
"1516215600";"17.01.2018 21:00";"40,42";"40,42";"31,2";"31,2"
"1516219200";"17.01.2018 22:00";"35,58";"35,58";"30,57";"30,57"
"1516222800";"17.01.2018 23:00";"31,28";"31,28";"29,92";"29,92"
"1516226400";"18.01.2018 00:00";"29,65";"29,65";"29,33";"29,33"
"1516230000";"18.01.2018 01:00";"29,12";"29,12";"29,12";"29,12"
"1516233600";"18.01.2018 02:00";"28,6";"28,6";"28,6";"28,6"
"1516237200";"18.01.2018 03:00";"28,46";"28,46";"28,46";"28,46"
"1516240800";"18.01.2018 04:00";"28,34";"28,34";"28,34";"28,34"
"1516244400";"18.01.2018 05:00";"28,75";"28,75";"28,75";"28,75"
"1516248000";"18.01.2018 06:00";"32,17";"32,17";"32,17";"32,17"
"1516251600";"18.01.2018 07:00";"47,55";"47,55";"47,55";"47,55"
"1516255200";"18.01.2018 08:00";"50,04";"50,04";"50,04";"50,04"
"1516258800";"18.01.2018 09:00";"48,71";"48,71";"48,71";"48,71"
"1516262400";"18.01.2018 10:00";"51,87";"51,87";"51,87";"51,87"
"1516266000";"18.01.2018 11:00";"53,62";"53,62";"53,62";"53,62"
"1516269600";"18.01.2018 12:00";"56,84";"56,84";"56,84";"56,84"
"1516273200";"18.01.2018 13:00";"56,32";"56,32";"56,32";"56,32"
"1516276800";"18.01.2018 14:00";"56,03";"56,03";"53,14";"53,14"
"1516280400";"18.01.2018 15:00";"51,41";"51,41";"51,41";"51,41"
"1516284000";"18.01.2018 16:00";"48,86";"48,86";"48,86";"48,86"
"1516287600";"18.01.2018 17:00";"50,71";"50,71";"50,71";"50,71"
"1516291200";"18.01.2018 18:00";"48,87";"48,87";"48,87";"48,87"
"1516294800";"18.01.2018 19:00";"47,06";"47,06";"47,06";"47,06"
"1516298400";"18.01.2018 20:00";"41,49";"41,49";"41,49";"41,49"
"1516302000";"18.01.2018 21:00";"38,93";"38,93";"38,93";"38,93"
"1516305600";"18.01.2018 22:00";"35,14";"35,14";"34,3";"34,3"
"1516309200";"18.01.2018 23:00";"32,57";"32,57";"32,57";"32,57"
"1516312800";"19.01.2018 00:00";"30,45";"30,45";"30,45";"30,45"
"1516316400";"19.01.2018 01:00";"30";"30";"30";"30"
"1516320000";"19.01.2018 02:00";"29,97";"29,97";"29,97";"29,97"
"1516323600";"19.01.2018 03:00";"29,49";"29,49";"29,49";"29,49"
"1516327200";"19.01.2018 04:00";"29,56";"29,56";"29,56";"29,56"
"1516330800";"19.01.2018 05:00";"30,02";"30,02";"30,02";"30,02"
"1516334400";"19.01.2018 06:00";"67,05";"67,05";"67,05";"67,05"
"1516338000";"19.01.2018 07:00";"71,09";"71,09";"71,09";"71,09"
"1516341600";"19.01.2018 08:00";"61,33";"61,33";"61,33";"61,33"
"1516345200";"19.01.2018 09:00";"62,67";"62,67";"62,67";"62,67"
"1516348800";"19.01.2018 10:00";"56,55";"56,55";"56,55";"56,55"
"1516352400";"19.01.2018 11:00";"55,07";"55,07";"55,07";"55,07"
"1516356000";"19.01.2018 12:00";"55,02";"55,02";"55,02";"55,02"
"1516359600";"19.01.2018 13:00";"55,06";"55,06";"55,06";"55,06"
"1516363200";"19.01.2018 14:00";"59,04";"59,04";"59,04";"59,04"
"1516366800";"19.01.2018 15:00";"60,41";"60,41";"60,41";"60,41"
"1516370400";"19.01.2018 16:00";"71,08";"71,08";"71,08";"71,08"
"1516374000";"19.01.2018 17:00";"117,82";"117,82";"117,82";"117,82"
"1516377600";"19.01.2018 18:00";"95,93";"95,93";"95,93";"95,93"
"1516381200";"19.01.2018 19:00";"69,44";"69,44";"69,44";"69,44"
"1516384800";"19.01.2018 20:00";"44,79";"48,09";"44,79";"44,79"
"1516388400";"19.01.2018 21:00";"38,83";"45,82";"38,83";"38,83"
"1516392000";"19.01.2018 22:00";"36,94";"40,18";"36,94";"36,94"
"1516395600";"19.01.2018 23:00";"35,84";"35,84";"35,84";"35,84"
"1516399200";"20.01.2018 00:00";"32,61";"32,61";"32,61";"32,61"
"1516402800";"20.01.2018 01:00";"31,83";"31,83";"30,83";"31,83"
"1516406400";"20.01.2018 02:00";"30,22";"30,22";"29,72";"29,72"
"1516410000";"20.01.2018 03:00";"30,22";"30,22";"29,3";"29,3"
"1516413600";"20.01.2018 04:00";"30,08";"30,08";"29,01";"29,01"
"1516417200";"20.01.2018 05:00";"30,08";"30,08";"28,98";"28,98"
"1516420800";"20.01.2018 06:00";"30,02";"30,02";"29,23";"29,23"
"1516424400";"20.01.2018 07:00";"31,81";"31,81";"29,68";"29,68"
"1516428000";"20.01.2018 08:00";"32,32";"32,32";"30,85";"30,85"
"1516431600";"20.01.2018 09:00";"34,95";"34,95";"33,07";"33,07"
"1516435200";"20.01.2018 10:00";"45,66";"45,66";"37,09";"37,09"
"1516438800";"20.01.2018 11:00";"48,04";"48,04";"37,95";"37,95"
"1516442400";"20.01.2018 12:00";"55,32";"55,32";"40,68";"40,68"
"1516446000";"20.01.2018 13:00";"50,29";"50,29";"37,07";"37,07"
"1516449600";"20.01.2018 14:00";"48,08";"48,08";"34,01";"34,01"
"1516453200";"20.01.2018 15:00";"42,05";"42,05";"33,96";"33,96"
"1516456800";"20.01.2018 16:00";"42,29";"42,29";"38,24";"38,24"
"1516460400";"20.01.2018 17:00";"58,46";"58,46";"40,8";"40,8"
"1516464000";"20.01.2018 18:00";"58,63";"58,63";"44,68";"44,68"
"1516467600";"20.01.2018 19:00";"48,2";"48,2";"48,2";"48,2"
"1516471200";"20.01.2018 20:00";"54,29";"54,29";"36,97";"36,97"
"1516474800";"20.01.2018 21:00";"38,85";"38,85";"32,16";"32,16"
"1516478400";"20.01.2018 22:00";"37,01";"37,01";"32,65";"32,65"
"1516482000";"20.01.2018 23:00";"33,77";"33,77";"32,34";"32,34"
"1516485600";"21.01.2018 00:00";"32,12";"32,12";"31,75";"31,75"
"1516489200";"21.01.2018 01:00";"31,73";"31,73";"31,73";"31,73"
"1516492800";"21.01.2018 02:00";"30,41";"30,41";"30,41";"30,41"
"1516496400";"21.01.2018 03:00";"30,03";"30,03";"29,24";"29,24"
"1516500000";"21.01.2018 04:00";"32,44";"32,44";"28,71";"28,71"
"1516503600";"21.01.2018 05:00";"31,03";"31,03";"28,8";"28,8"
"1516507200";"21.01.2018 06:00";"30,01";"30,01";"29,05";"29,05"
"1516510800";"21.01.2018 07:00";"29,48";"29,48";"29,48";"29,48"
"1516514400";"21.01.2018 08:00";"30,75";"30,75";"30,75";"30,75"
"1516518000";"21.01.2018 09:00";"32,04";"32,04";"32,04";"32,04"
"1516521600";"21.01.2018 10:00";"35,15";"35,15";"34,45";"34,45"
"1516525200";"21.01.2018 11:00";"37,95";"37,95";"37,95";"37,95"
"1516528800";"21.01.2018 12:00";"39,95";"39,95";"39,95";"39,95"
"1516532400";"21.01.2018 13:00";"39,62";"39,62";"39,62";"39,62"
"1516536000";"21.01.2018 14:00";"37,51";"37,51";"36,86";"36,86"
"1516539600";"21.01.2018 15:00";"35,32";"35,32";"33,84";"33,84"
"1516543200";"21.01.2018 16:00";"35,37";"35,37";"34,62";"34,62"
"1516546800";"21.01.2018 17:00";"39,45";"39,45";"38,04";"38,04"
"1516550400";"21.01.2018 18:00";"43,86";"43,86";"42,93";"42,93"
"1516554000";"21.01.2018 19:00";"48,08";"48,08";"48,08";"48,08"
"1516557600";"21.01.2018 20:00";"44,42";"44,42";"42,92";"42,92"
"1516561200";"21.01.2018 21:00";"38,96";"38,96";"36,56";"36,56"
"1516564800";"21.01.2018 22:00";"35,31";"35,31";"32,53";"32,53"
"1516568400";"21.01.2018 23:00";"33,36";"33,36";"32,18";"32,18"
"1516572000";"22.01.2018 00:00";"30,68";"30,68";"30,52";"30,52"
"1516575600";"22.01.2018 01:00";"29,26";"29,26";"29,26";"29,26"
"1516579200";"22.01.2018 02:00";"28,58";"28,58";"28,58";"28,58"
"1516582800";"22.01.2018 03:00";"28,38";"28,38";"28,38";"28,38"
"1516586400";"22.01.2018 04:00";"28,53";"28,53";"28,53";"28,53"
"1516590000";"22.01.2018 05:00";"31";"31";"31";"31"
"1516593600";"22.01.2018 06:00";"63,54";"63,54";"63,54";"63,54"
"1516597200";"22.01.2018 07:00";"150,01";"150,01";"150,01";"150,01"
"1516600800";"22.01.2018 08:00";"83,03";"83,03";"83,03";"83,03"
"1516604400";"22.01.2018 09:00";"70,08";"70,08";"70,08";"70,08"
"1516608000";"22.01.2018 10:00";"70,05";"70,05";"70,05";"70,05"
"1516611600";"22.01.2018 11:00";"67,98";"67,98";"67,98";"67,98"
"1516615200";"22.01.2018 12:00";"70,01";"70,01";"70,01";"70,01"
"1516618800";"22.01.2018 13:00";"59,84";"59,84";"59,84";"59,84"
"1516622400";"22.01.2018 14:00";"70,09";"70,09";"70,09";"70,09"
"1516626000";"22.01.2018 15:00";"55,09";"55,09";"55,09";"55,09"
"1516629600";"22.01.2018 16:00";"70,02";"70,02";"70,02";"70,02"
"1516633200";"22.01.2018 17:00";"70,06";"70,06";"70,06";"70,06"
"1516636800";"22.01.2018 18:00";"68,25";"68,25";"68,25";"68,25"
"1516640400";"22.01.2018 19:00";"51,73";"51,73";"51,73";"51,73"
"1516644000";"22.01.2018 20:00";"48,05";"48,05";"48,05";"48,05"
"1516647600";"22.01.2018 21:00";"42,82";"42,82";"42,82";"42,82"
"1516651200";"22.01.2018 22:00";"39,71";"39,71";"38,99";"39,71"
"1516654800";"22.01.2018 23:00";"35,48";"35,48";"36,2";"35,48"
"1516658400";"23.01.2018 00:00";"33,5";"33,5";"33,5";"33,5"
"1516662000";"23.01.2018 01:00";"33,38";"33,38";"33,38";"33,38"
"1516665600";"23.01.2018 02:00";"31,74";"31,74";"31,74";"31,74"
"1516669200";"23.01.2018 03:00";"30,78";"30,78";"30,78";"30,78"
"1516672800";"23.01.2018 04:00";"30,38";"30,38";"30,38";"30,38"
"1516676400";"23.01.2018 05:00";"30,97";"30,97";"30,97";"30,97"
"1516680000";"23.01.2018 06:00";"55,06";"55,06";"55,06";"55,06"
"1516683600";"23.01.2018 07:00";"149,82";"149,82";"149,82";"149,82"
"1516687200";"23.01.2018 08:00";"200,02";"200,02";"200,02";"200,02"
"1516690800";"23.01.2018 09:00";"150,08";"150,08";"150,08";"150,08"
"1516694400";"23.01.2018 10:00";"100,08";"100,08";"100,08";"100,08"
"1516698000";"23.01.2018 11:00";"169,04";"169,04";"169,04";"169,04"
"1516701600";"23.01.2018 12:00";"121,04";"121,04";"121,04";"121,04"
"1516705200";"23.01.2018 13:00";"67,79";"67,79";"67,79";"67,79"
"1516708800";"23.01.2018 14:00";"68,1";"68,1";"68,1";"68,1"
"1516712400";"23.01.2018 15:00";"59,52";"59,52";"59,52";"59,52"
"1516716000";"23.01.2018 16:00";"91,58";"91,58";"91,58";"91,58"
"1516719600";"23.01.2018 17:00";"169,02";"169,02";"169,02";"169,02"
"1516723200";"23.01.2018 18:00";"100,06";"100,06";"100,06";"100,06"
"1516726800";"23.01.2018 19:00";"59,35";"59,35";"59,35";"59,35"
"1516730400";"23.01.2018 20:00";"44,7";"44,7";"44,7";"44,7"
"1516734000";"23.01.2018 21:00";"30,99";"40,86";"30,99";"30,99"
"1516737600";"23.01.2018 22:00";"36,02";"36,02";"33,71";"33,71"
"1516741200";"23.01.2018 23:00";"29,53";"29,53";"29,53";"29,53"
"1516744800";"24.01.2018 00:00";"29,03";"29,03";"28,11";"28,11"
"1516748400";"24.01.2018 01:00";"27,16";"27,16";"27,16";"27,16"
"1516752000";"24.01.2018 02:00";"26,92";"26,92";"26,92";"26,92"
"1516755600";"24.01.2018 03:00";"25,21";"25,21";"25,21";"25,21"
"1516759200";"24.01.2018 04:00";"25,62";"25,62";"25,62";"25,62"
"1516762800";"24.01.2018 05:00";"25,91";"25,91";"25,91";"25,91"
"1516766400";"24.01.2018 06:00";"27,39";"27,39";"27,39";"27,39"
"1516770000";"24.01.2018 07:00";"34,54";"34,54";"34,54";"34,54"
"1516773600";"24.01.2018 08:00";"38,08";"38,08";"38,08";"38,08"
"1516777200";"24.01.2018 09:00";"41,75";"41,75";"41,75";"41,75"
"1516780800";"24.01.2018 10:00";"38,09";"38,09";"38,09";"38,09"
"1516784400";"24.01.2018 11:00";"38,02";"38,02";"38,02";"38,02"
"1516788000";"24.01.2018 12:00";"36,63";"36,63";"36,63";"36,63"
"1516791600";"24.01.2018 13:00";"38,07";"38,07";"38,07";"38,07"
"1516795200";"24.01.2018 14:00";"38";"38";"38";"38"
"1516798800";"24.01.2018 15:00";"40,87";"40,87";"40,87";"40,87"
"1516802400";"24.01.2018 16:00";"43,68";"43,68";"43,68";"43,68"
"1516806000";"24.01.2018 17:00";"46,74";"46,74";"46,74";"46,74"
"1516809600";"24.01.2018 18:00";"42,09";"42,09";"42,09";"42,09"
"1516813200";"24.01.2018 19:00";"41,79";"41,79";"41,79";"41,79"
"1516816800";"24.01.2018 20:00";"30,23";"30,23";"30,23";"30,23"
"1516820400";"24.01.2018 21:00";"28,45";"28,45";"28,45";"28,45"
"1516824000";"24.01.2018 22:00";"28,15";"28,15";"28,15";"28,15"
"1516827600";"24.01.2018 23:00";"25,04";"25,04";"25,04";"25,04"
"1516831200";"25.01.2018 00:00";"15,59";"15,59";"15,59";"15,59"
"1516834800";"25.01.2018 01:00";"21,76";"21,76";"21,76";"21,76"
"1516838400";"25.01.2018 02:00";"15,85";"15,85";"15,85";"15,85"
"1516842000";"25.01.2018 03:00";"15,18";"15,18";"15,18";"15,18"
"1516845600";"25.01.2018 04:00";"17,8";"17,8";"17,8";"17,8"
"1516849200";"25.01.2018 05:00";"22,52";"22,52";"22,52";"22,52"
"1516852800";"25.01.2018 06:00";"27";"27";"27";"27"
"1516856400";"25.01.2018 07:00";"28,91";"28,91";"28,91";"28,91"
"1516860000";"25.01.2018 08:00";"38,88";"38,88";"38,88";"38,88"
"1516863600";"25.01.2018 09:00";"41,74";"41,74";"41,74";"41,74"
"1516867200";"25.01.2018 10:00";"41,05";"41,05";"41,05";"41,05"
"1516870800";"25.01.2018 11:00";"41,56";"41,56";"41,56";"41,56"
"1516874400";"25.01.2018 12:00";"41,73";"41,73";"41,73";"41,73"
"1516878000";"25.01.2018 13:00";"44,49";"44,49";"41,75";"41,75"
"1516881600";"25.01.2018 14:00";"41,7";"41,7";"41,7";"41,7"
"1516885200";"25.01.2018 15:00";"44,45";"44,45";"32,98";"32,98"
"1516888800";"25.01.2018 16:00";"44,44";"44,44";"41,78";"41,78"
"1516892400";"25.01.2018 17:00";"45,67";"45,67";"45,67";"45,67"
"1516896000";"25.01.2018 18:00";"45,65";"45,65";"45,65";"45,65"
"1516899600";"25.01.2018 19:00";"44,51";"44,51";"44,51";"44,51"
"1516903200";"25.01.2018 20:00";"36,03";"36,03";"32,14";"32,14"
"1516906800";"25.01.2018 21:00";"31,48";"31,48";"31,48";"31,48"
"1516910400";"25.01.2018 22:00";"30,72";"30,72";"30,72";"30,72"
"1516914000";"25.01.2018 23:00";"29,71";"29,71";"29,71";"29,71"
"1516917600";"26.01.2018 00:00";"28,98";"28,98";"28,98";"28,98"
"1516921200";"26.01.2018 01:00";"29,28";"29,28";"29,28";"29,28"
"1516924800";"26.01.2018 02:00";"28,99";"28,99";"28,99";"28,99"
"1516928400";"26.01.2018 03:00";"28,94";"28,94";"28,94";"28,94"
"1516932000";"26.01.2018 04:00";"29,1";"29,1";"29,1";"29,1"
"1516935600";"26.01.2018 05:00";"29,55";"29,55";"29,55";"29,55"
"1516939200";"26.01.2018 06:00";"35,02";"35,02";"35,02";"35,02"
"1516942800";"26.01.2018 07:00";"45,04";"45,04";"45,04";"45,04"
"1516946400";"26.01.2018 08:00";"48,21";"48,21";"48,21";"48,21"
"1516950000";"26.01.2018 09:00";"51,39";"51,39";"51,39";"51,39"
"1516953600";"26.01.2018 10:00";"53,21";"53,21";"53,21";"53,21"
"1516957200";"26.01.2018 11:00";"52,72";"52,72";"52,72";"52,72"
"1516960800";"26.01.2018 12:00";"51,9";"51,9";"51,9";"51,9"
"1516964400";"26.01.2018 13:00";"49,02";"49,02";"49,02";"49,02"
"1516968000";"26.01.2018 14:00";"48,02";"48,02";"48,02";"48,02"
"1516971600";"26.01.2018 15:00";"47,78";"47,78";"47,78";"47,78"
"1516975200";"26.01.2018 16:00";"47,89";"47,89";"47,89";"47,89"
"1516978800";"26.01.2018 17:00";"54,28";"54,28";"54,28";"54,28"
"1516982400";"26.01.2018 18:00";"59,25";"59,25";"59,25";"59,25"
"1516986000";"26.01.2018 19:00";"52,74";"52,74";"57,35";"52,74"
"1516989600";"26.01.2018 20:00";"44,28";"44,28";"39,67";"44,28"
"1516993200";"26.01.2018 21:00";"32,45";"32,45";"32,45";"32,45"
"1516996800";"26.01.2018 22:00";"31,55";"31,55";"31,55";"31,55"
"1517000400";"26.01.2018 23:00";"30,65";"30,65";"30,65";"30,65"
"1517004000";"27.01.2018 00:00";"30,19";"30,19";"30,19";"30,19"
"1517007600";"27.01.2018 01:00";"30,8";"30,8";"30,8";"30,8"
"1517011200";"27.01.2018 02:00";"30,22";"30,22";"30,22";"30,22"
"1517014800";"27.01.2018 03:00";"30,01";"30,01";"30,01";"30,01"
"1517018400";"27.01.2018 04:00";"29,99";"29,99";"29,99";"29,99"
"1517022000";"27.01.2018 05:00";"30,23";"30,23";"30,23";"30,23"
"1517025600";"27.01.2018 06:00";"30,78";"30,78";"30,78";"30,78"
"1517029200";"27.01.2018 07:00";"30,76";"30,76";"30,76";"30,76"
"1517032800";"27.01.2018 08:00";"30,76";"30,76";"30,76";"30,76"
"1517036400";"27.01.2018 09:00";"37,22";"37,22";"31,55";"37,22"
"1517040000";"27.01.2018 10:00";"40,01";"40,01";"32,71";"40,01"
"1517043600";"27.01.2018 11:00";"38,03";"38,03";"34,35";"38,03"
"1517047200";"27.01.2018 12:00";"33,95";"33,95";"33,95";"33,95"
"1517050800";"27.01.2018 13:00";"32,77";"32,77";"32,77";"32,77"
"1517054400";"27.01.2018 14:00";"31,99";"31,99";"31,99";"31,99"
"1517058000";"27.01.2018 15:00";"31,46";"31,46";"31,46";"31,46"
"1517061600";"27.01.2018 16:00";"32,18";"32,18";"32,18";"32,18"
"1517065200";"27.01.2018 17:00";"37,25";"37,25";"37,23";"37,25"
"1517068800";"27.01.2018 18:00";"40,04";"40,04";"40,04";"40,04"
"1517072400";"27.01.2018 19:00";"37,09";"37,09";"37,09";"37,09"
"1517076000";"27.01.2018 20:00";"32,75";"32,75";"32,75";"32,75"
"1517079600";"27.01.2018 21:00";"32,77";"32,77";"30";"32,77"
"1517083200";"27.01.2018 22:00";"29,22";"29,22";"29,22";"29,22"
"1517086800";"27.01.2018 23:00";"28,69";"28,69";"28,69";"28,69"
"1517090400";"28.01.2018 00:00";"28,23";"28,23";"28,23";"28,23"
"1517094000";"28.01.2018 01:00";"28,21";"28,21";"28,21";"28,21"
"1517097600";"28.01.2018 02:00";"27,72";"27,72";"27,72";"27,72"
"1517101200";"28.01.2018 03:00";"26,88";"26,88";"26,88";"26,88"
"1517104800";"28.01.2018 04:00";"26,59";"26,59";"26,59";"26,59"
"1517108400";"28.01.2018 05:00";"26,72";"26,72";"26,72";"26,72"
"1517112000";"28.01.2018 06:00";"27,09";"27,09";"27,09";"27,09"
"1517115600";"28.01.2018 07:00";"27,43";"27,43";"27,43";"27,43"
"1517119200";"28.01.2018 08:00";"27,5";"27,5";"27,5";"27,5"
"1517122800";"28.01.2018 09:00";"27,89";"27,89";"27,89";"27,89"
"1517126400";"28.01.2018 10:00";"28,07";"28,07";"28,07";"28,07"
"1517130000";"28.01.2018 11:00";"28,68";"28,68";"28,68";"28,68"
"1517133600";"28.01.2018 12:00";"28,73";"28,73";"28,73";"28,73"
"1517137200";"28.01.2018 13:00";"28,67";"28,67";"28,67";"28,67"
"1517140800";"28.01.2018 14:00";"28,53";"28,53";"28,53";"28,53"
"1517144400";"28.01.2018 15:00";"28,19";"28,19";"28,19";"28,19"
"1517148000";"28.01.2018 16:00";"28,58";"28,58";"28,58";"28,58"
"1517151600";"28.01.2018 17:00";"29,84";"29,84";"28,82";"29,84"
"1517155200";"28.01.2018 18:00";"29,8";"29,8";"29,25";"29,8"
"1517158800";"28.01.2018 19:00";"29,31";"29,31";"29,31";"29,31"
"1517162400";"28.01.2018 20:00";"29,2";"29,2";"29,03";"29,2"
"1517166000";"28.01.2018 21:00";"28,8";"28,8";"28,8";"28,8"
"1517169600";"28.01.2018 22:00";"28,58";"28,58";"28,58";"28,58"
"1517173200";"28.01.2018 23:00";"27,96";"27,96";"27,96";"27,96"
"1517176800";"29.01.2018 00:00";"27,58";"27,58";"27,58";"27,58"
"1517180400";"29.01.2018 01:00";"27,67";"27,67";"27,67";"27,67"
"1517184000";"29.01.2018 02:00";"26,9";"26,9";"26,9";"26,9"
"1517187600";"29.01.2018 03:00";"26,15";"26,15";"26,15";"26,15"
"1517191200";"29.01.2018 04:00";"27,43";"27,43";"27,43";"27,43"
"1517194800";"29.01.2018 05:00";"27,74";"27,74";"27,74";"27,74"
"1517198400";"29.01.2018 06:00";"30,37";"30,37";"30,37";"30,37"
"1517202000";"29.01.2018 07:00";"42,01";"42,01";"42,01";"42,01"
"1517205600";"29.01.2018 08:00";"41,88";"41,88";"41,88";"41,88"
"1517209200";"29.01.2018 09:00";"42,05";"42,05";"42,05";"42,05"
"1517212800";"29.01.2018 10:00";"42,07";"42,07";"42,07";"42,07"
"1517216400";"29.01.2018 11:00";"43,64";"43,64";"43,64";"43,64"
"1517220000";"29.01.2018 12:00";"43,58";"43,58";"43,58";"43,58"
"1517223600";"29.01.2018 13:00";"43,21";"43,21";"43,21";"43,21"
"1517227200";"29.01.2018 14:00";"43,28";"43,28";"43,28";"43,28"
"1517230800";"29.01.2018 15:00";"41,37";"41,37";"41,37";"41,37"
"1517234400";"29.01.2018 16:00";"42";"42";"42";"42"
"1517238000";"29.01.2018 17:00";"42,33";"42,33";"42,33";"42,33"
"1517241600";"29.01.2018 18:00";"43,02";"43,02";"43,02";"43,02"
"1517245200";"29.01.2018 19:00";"41,9";"41,9";"41,9";"41,9"
"1517248800";"29.01.2018 20:00";"33,46";"33,46";"33,46";"33,46"
"1517252400";"29.01.2018 21:00";"29,77";"29,77";"29,77";"29,77"
"1517256000";"29.01.2018 22:00";"29,14";"29,14";"29,14";"29,14"
"1517259600";"29.01.2018 23:00";"28,67";"28,67";"28,67";"28,67"
"1517263200";"30.01.2018 00:00";"28,13";"28,13";"28,13";"28,13"
"1517266800";"30.01.2018 01:00";"27,96";"27,96";"27,96";"27,96"
"1517270400";"30.01.2018 02:00";"27,76";"27,76";"27,76";"27,76"
"1517274000";"30.01.2018 03:00";"27,4";"27,4";"27,4";"27,4"
"1517277600";"30.01.2018 04:00";"27,54";"27,54";"27,54";"27,54"
"1517281200";"30.01.2018 05:00";"27,88";"27,88";"27,88";"27,88"
"1517284800";"30.01.2018 06:00";"28,7";"28,7";"28,7";"28,7"
"1517288400";"30.01.2018 07:00";"34,43";"34,43";"34,43";"34,43"
"1517292000";"30.01.2018 08:00";"38,68";"38,68";"38,68";"38,68"
"1517295600";"30.01.2018 09:00";"40,84";"40,84";"40,84";"40,84"
"1517299200";"30.01.2018 10:00";"41,59";"41,59";"41,59";"41,59"
"1517302800";"30.01.2018 11:00";"40,78";"40,78";"40,78";"40,78"
"1517306400";"30.01.2018 12:00";"40,59";"40,59";"40,59";"40,59"
"1517310000";"30.01.2018 13:00";"41,03";"41,03";"41,03";"41,03"
"1517313600";"30.01.2018 14:00";"41,11";"41,11";"41,11";"41,11"
"1517317200";"30.01.2018 15:00";"40,95";"40,95";"40,95";"40,95"
"1517320800";"30.01.2018 16:00";"43,04";"43,04";"43,04";"43,04"
"1517324400";"30.01.2018 17:00";"46,14";"46,14";"46,14";"46,14"
"1517328000";"30.01.2018 18:00";"46,78";"46,78";"46,78";"46,78"
"1517331600";"30.01.2018 19:00";"45,86";"45,86";"45,86";"45,86"
"1517335200";"30.01.2018 20:00";"39,28";"39,28";"39,28";"39,28"
"1517338800";"30.01.2018 21:00";"33,17";"33,17";"33,17";"33,17"
"1517342400";"30.01.2018 22:00";"32,37";"32,37";"32,37";"32,37"
"1517346000";"30.01.2018 23:00";"31,12";"31,12";"31,12";"31,12"
"1517349600";"31.01.2018 00:00";"30,11";"30,11";"30,11";"30,11"
"1517353200";"31.01.2018 01:00";"29,61";"29,61";"29,61";"29,61"
"1517356800";"31.01.2018 02:00";"28,98";"28,98";"28,98";"28,98"
"1517360400";"31.01.2018 03:00";"28,1";"28,1";"28,1";"28,1"
"1517364000";"31.01.2018 04:00";"27,99";"27,99";"27,99";"27,99"
"1517367600";"31.01.2018 05:00";"28,96";"28,96";"28,96";"28,96"
"1517371200";"31.01.2018 06:00";"42,4";"42,4";"42,4";"42,4"
"1517374800";"31.01.2018 07:00";"129,1";"129,1";"129,1";"129,1"
"1517378400";"31.01.2018 08:00";"100,93";"100,93";"100,93";"100,93"
"1517382000";"31.01.2018 09:00";"72,9";"72,9";"72,9";"72,9"
"1517385600";"31.01.2018 10:00";"53,96";"53,96";"53,96";"53,96"
"1517389200";"31.01.2018 11:00";"50,2";"50,2";"50,2";"50,2"
"1517392800";"31.01.2018 12:00";"48,51";"48,51";"48,51";"48,51"
"1517396400";"31.01.2018 13:00";"48,3";"48,3";"48,3";"48,3"
"1517400000";"31.01.2018 14:00";"49,09";"49,09";"49,09";"49,09"
"1517403600";"31.01.2018 15:00";"43,44";"43,44";"43,44";"43,44"
"1517407200";"31.01.2018 16:00";"42,64";"42,64";"42,64";"42,64"
"1517410800";"31.01.2018 17:00";"43,52";"43,52";"43,52";"43,52"
"1517414400";"31.01.2018 18:00";"43,41";"43,41";"43,41";"43,41"
"1517418000";"31.01.2018 19:00";"41,33";"41,33";"41,33";"41,33"
"1517421600";"31.01.2018 20:00";"31,91";"31,91";"31,91";"31,91"
"1517425200";"31.01.2018 21:00";"29,92";"29,92";"29,92";"29,92"
"1517428800";"31.01.2018 22:00";"28,85";"28,85";"28,85";"28,85"
"1517432400";"31.01.2018 23:00";"28,32";"28,32";"28,32";"28,32"
"1517436000";"01.02.2018 00:00";"27,38";"27,38";"27,38";"27,38"
"1517439600";"01.02.2018 01:00";"27,05";"27,05";"27,05";"27,05"
"1517443200";"01.02.2018 02:00";"26,06";"26,06";"26,06";"26,06"
"1517446800";"01.02.2018 03:00";"25,56";"25,56";"25,56";"25,56"
"1517450400";"01.02.2018 04:00";"26,79";"26,79";"26,79";"26,79"
"1517454000";"01.02.2018 05:00";"26,96";"26,96";"26,96";"26,96"
"1517457600";"01.02.2018 06:00";"28,85";"28,85";"28,85";"28,85"
"1517461200";"01.02.2018 07:00";"30,66";"30,66";"30,66";"30,66"
"1517464800";"01.02.2018 08:00";"39,5";"39,5";"39,5";"39,5"
"1517468400";"01.02.2018 09:00";"41,04";"41,04";"41,04";"41,04"
"1517472000";"01.02.2018 10:00";"41,05";"41,05";"41,05";"41,05"
"1517475600";"01.02.2018 11:00";"41,67";"41,67";"41,67";"41,67"
"1517479200";"01.02.2018 12:00";"31,57";"31,57";"31,57";"31,57"
"1517482800";"01.02.2018 13:00";"31,08";"31,08";"31,08";"31,08"
"1517486400";"01.02.2018 14:00";"31,45";"31,45";"31,45";"31,45"
"1517490000";"01.02.2018 15:00";"36,18";"36,18";"36,18";"36,18"
"1517493600";"01.02.2018 16:00";"40,02";"40,02";"40,02";"40,02"
"1517497200";"01.02.2018 17:00";"41,07";"41,07";"41,07";"41,07"
"1517500800";"01.02.2018 18:00";"41,05";"41,05";"41,05";"41,05"
"1517504400";"01.02.2018 19:00";"41,05";"41,05";"41,05";"41,05"
"1517508000";"01.02.2018 20:00";"32,26";"32,26";"32,26";"32,26"
"1517511600";"01.02.2018 21:00";"31,43";"31,43";"31,43";"31,43"
"1517515200";"01.02.2018 22:00";"31,46";"31,46";"31,46";"31,46"
"1517518800";"01.02.2018 23:00";"30,84";"30,84";"30,84";"30,84"
"1517522400";"02.02.2018 00:00";"29,36";"29,36";"29,36";"29,36"
"1517526000";"02.02.2018 01:00";"30,12";"30,12";"30,12";"30,12"
"1517529600";"02.02.2018 02:00";"29,87";"29,87";"29,87";"29,87"
"1517533200";"02.02.2018 03:00";"29,79";"29,79";"29,79";"29,79"
"1517536800";"02.02.2018 04:00";"29,74";"29,74";"29,74";"29,74"
"1517540400";"02.02.2018 05:00";"30,1";"30,1";"30,1";"30,1"
"1517544000";"02.02.2018 06:00";"32,18";"32,18";"32,18";"32,18"
"1517547600";"02.02.2018 07:00";"34,62";"34,62";"34,62";"34,62"
"1517551200";"02.02.2018 08:00";"43,04";"43,04";"43,04";"43,04"
"1517554800";"02.02.2018 09:00";"46,05";"46,05";"42,45";"42,45"
"1517558400";"02.02.2018 10:00";"46,8";"46,8";"41,7";"41,7"
"1517562000";"02.02.2018 11:00";"46,79";"46,79";"41,66";"41,66"
"1517565600";"02.02.2018 12:00";"44,32";"44,32";"36,16";"36,16"
"1517569200";"02.02.2018 13:00";"43,07";"43,07";"34,75";"34,75"
"1517572800";"02.02.2018 14:00";"39,97";"39,97";"35,2";"35,2"
"1517576400";"02.02.2018 15:00";"39,92";"39,92";"39,92";"39,92"
"1517580000";"02.02.2018 16:00";"40,12";"40,12";"40,12";"40,12"
"1517583600";"02.02.2018 17:00";"42,25";"42,25";"42,25";"42,25"
"1517587200";"02.02.2018 18:00";"48,02";"48,02";"48,02";"48,02"
"1517590800";"02.02.2018 19:00";"46,8";"46,8";"46,8";"46,8"
"1517594400";"02.02.2018 20:00";"43,08";"43,08";"37,25";"37,25"
"1517598000";"02.02.2018 21:00";"34,14";"34,14";"34,14";"34,14"
"1517601600";"02.02.2018 22:00";"33,38";"33,38";"33,38";"33,38"
"1517605200";"02.02.2018 23:00";"32,9";"32,9";"32,9";"32,9"
"1517608800";"03.02.2018 00:00";"31,92";"31,92";"31,92";"31,92"
"1517612400";"03.02.2018 01:00";"32,91";"32,91";"32,91";"32,91"
"1517616000";"03.02.2018 02:00";"32,23";"32,23";"32,23";"32,23"
"1517619600";"03.02.2018 03:00";"32";"32";"32";"32"
"1517623200";"03.02.2018 04:00";"31,99";"31,99";"31,99";"31,99"
"1517626800";"03.02.2018 05:00";"32,25";"32,25";"32,25";"32,25"
"1517630400";"03.02.2018 06:00";"32,87";"32,87";"32,87";"32,87"
"1517634000";"03.02.2018 07:00";"32,93";"32,93";"32,93";"32,93"
"1517637600";"03.02.2018 08:00";"33,36";"33,36";"33,36";"33,36"
"1517641200";"03.02.2018 09:00";"33,8";"33,8";"33,8";"33,8"
"1517644800";"03.02.2018 10:00";"37,08";"37,08";"35,05";"35,05"
"1517648400";"03.02.2018 11:00";"41,02";"41,02";"36,55";"36,55"
"1517652000";"03.02.2018 12:00";"42,38";"42,38";"36,11";"36,11"
"1517655600";"03.02.2018 13:00";"37,07";"37,07";"34,63";"34,63"
"1517659200";"03.02.2018 14:00";"33,87";"33,87";"33,87";"33,87"
"1517662800";"03.02.2018 15:00";"33,45";"33,45";"33,45";"33,45"
"1517666400";"03.02.2018 16:00";"33,49";"33,49";"33,49";"33,49"
"1517670000";"03.02.2018 17:00";"37,08";"37,08";"36,08";"36,08"
"1517673600";"03.02.2018 18:00";"45,14";"45,14";"45,14";"45,14"
"1517677200";"03.02.2018 19:00";"41,09";"41,09";"39,36";"39,36"
"1517680800";"03.02.2018 20:00";"34,67";"34,67";"34,67";"34,67"
"1517684400";"03.02.2018 21:00";"33,36";"33,36";"33,36";"33,36"
"1517688000";"03.02.2018 22:00";"32,93";"32,93";"32,93";"32,93"
"1517691600";"03.02.2018 23:00";"32,69";"32,69";"32,69";"32,69"
"1517695200";"04.02.2018 00:00";"32,15";"32,15";"32,15";"32,15"
"1517698800";"04.02.2018 01:00";"32,5";"32,5";"32,5";"32,5"
"1517702400";"04.02.2018 02:00";"31,3";"31,3";"31,3";"31,3"
"1517706000";"04.02.2018 03:00";"30,96";"30,96";"30,96";"30,96"
"1517709600";"04.02.2018 04:00";"30,99";"30,99";"30,99";"30,99"
"1517713200";"04.02.2018 05:00";"30,83";"30,83";"30,83";"30,83"
"1517716800";"04.02.2018 06:00";"30,79";"30,79";"30,79";"30,79"
"1517720400";"04.02.2018 07:00";"30,84";"30,84";"30,84";"30,84"
"1517724000";"04.02.2018 08:00";"31,23";"31,23";"31,23";"31,23"
"1517727600";"04.02.2018 09:00";"31,6";"31,6";"31,6";"31,6"
"1517731200";"04.02.2018 10:00";"32,38";"32,38";"32,38";"32,38"
"1517734800";"04.02.2018 11:00";"33,1";"33,1";"33,1";"33,1"
"1517738400";"04.02.2018 12:00";"34,44";"34,44";"34,44";"34,44"
"1517742000";"04.02.2018 13:00";"33,4";"33,4";"33,4";"33,4"
"1517745600";"04.02.2018 14:00";"32,08";"32,08";"32,08";"32,08"
"1517749200";"04.02.2018 15:00";"31,84";"31,84";"31,84";"31,84"
"1517752800";"04.02.2018 16:00";"32,15";"32,15";"32,15";"32,15"
"1517756400";"04.02.2018 17:00";"34,25";"34,25";"34,25";"34,25"
"1517760000";"04.02.2018 18:00";"39,71";"39,71";"39,71";"39,71"
"1517763600";"04.02.2018 19:00";"42,91";"42,91";"42,91";"42,91"
"1517767200";"04.02.2018 20:00";"40,01";"40,01";"40,01";"40,01"
"1517770800";"04.02.2018 21:00";"36,15";"36,15";"36,15";"36,15"
"1517774400";"04.02.2018 22:00";"35";"35";"35";"35"
"1517778000";"04.02.2018 23:00";"34,26";"34,26";"34,26";"34,26"
"1517781600";"05.02.2018 00:00";"32,92";"32,92";"32,92";"32,92"
"1517785200";"05.02.2018 01:00";"32,14";"32,14";"32,14";"32,14"
"1517788800";"05.02.2018 02:00";"31,18";"31,18";"31,18";"31,18"
"1517792400";"05.02.2018 03:00";"30,92";"30,92";"30,92";"30,92"
"1517796000";"05.02.2018 04:00";"30,93";"30,93";"30,93";"30,93"
"1517799600";"05.02.2018 05:00";"31,55";"31,55";"31,55";"31,55"
"1517803200";"05.02.2018 06:00";"49,03";"49,03";"49,03";"49,03"
"1517806800";"05.02.2018 07:00";"55,16";"55,16";"55,16";"55,16"
"1517810400";"05.02.2018 08:00";"75,1";"75,1";"75,1";"75,1"
"1517814000";"05.02.2018 09:00";"81,26";"81,26";"81,26";"81,26"
"1517817600";"05.02.2018 10:00";"80,43";"80,43";"80,43";"80,43"
"1517821200";"05.02.2018 11:00";"70,02";"70,02";"70,02";"70,02"
"1517824800";"05.02.2018 12:00";"53,89";"53,89";"53,89";"53,89"
"1517828400";"05.02.2018 13:00";"48,63";"48,63";"48,63";"48,63"
"1517832000";"05.02.2018 14:00";"50,1";"50,1";"50,1";"50,1"
"1517835600";"05.02.2018 15:00";"50,05";"50,05";"50,05";"50,05"
"1517839200";"05.02.2018 16:00";"49,97";"49,97";"49,97";"49,97"
"1517842800";"05.02.2018 17:00";"63,97";"63,97";"63,97";"63,97"
"1517846400";"05.02.2018 18:00";"93,26";"93,26";"93,26";"93,26"
"1517850000";"05.02.2018 19:00";"78,44";"78,44";"78,44";"78,44"
"1517853600";"05.02.2018 20:00";"55,41";"55,41";"55,41";"55,41"
"1517857200";"05.02.2018 21:00";"47,75";"47,75";"47,75";"47,75"
"1517860800";"05.02.2018 22:00";"39,97";"39,97";"39,97";"39,97"
"1517864400";"05.02.2018 23:00";"39";"39";"39";"39"
"1517868000";"06.02.2018 00:00";"36,02";"36,02";"36,02";"36,02"
"1517871600";"06.02.2018 01:00";"36,12";"36,12";"36,12";"36,12"
"1517875200";"06.02.2018 02:00";"35";"35";"35";"35"
"1517878800";"06.02.2018 03:00";"34,65";"34,65";"34,65";"34,65"
"1517882400";"06.02.2018 04:00";"35,38";"35,38";"35,38";"35,38"
"1517886000";"06.02.2018 05:00";"36,25";"36,25";"36,25";"36,25"
"1517889600";"06.02.2018 06:00";"37,36";"37,36";"37,36";"37,36"
"1517893200";"06.02.2018 07:00";"43,95";"43,95";"43,95";"43,95"
"1517896800";"06.02.2018 08:00";"58,65";"58,65";"58,65";"58,65"
"1517900400";"06.02.2018 09:00";"64,58";"64,58";"64,58";"64,58"
"1517904000";"06.02.2018 10:00";"63,69";"63,69";"63,69";"63,69"
"1517907600";"06.02.2018 11:00";"59,59";"59,59";"59,59";"59,59"
"1517911200";"06.02.2018 12:00";"49,76";"49,76";"49,76";"49,76"
"1517914800";"06.02.2018 13:00";"45,64";"45,64";"45,64";"45,64"
"1517918400";"06.02.2018 14:00";"46,96";"46,96";"46,96";"46,96"
"1517922000";"06.02.2018 15:00";"48,09";"48,09";"48,09";"48,09"
"1517925600";"06.02.2018 16:00";"49,45";"49,45";"49,45";"49,45"
"1517929200";"06.02.2018 17:00";"53,75";"53,75";"53,75";"53,75"
"1517932800";"06.02.2018 18:00";"63,89";"63,89";"63,89";"63,89"
"1517936400";"06.02.2018 19:00";"65,5";"65,5";"65,5";"65,5"
"1517940000";"06.02.2018 20:00";"58,08";"58,08";"58,08";"58,08"
"1517943600";"06.02.2018 21:00";"47,3";"47,3";"47,3";"47,3"
"1517947200";"06.02.2018 22:00";"40,26";"40,26";"40,26";"40,26"
"1517950800";"06.02.2018 23:00";"37,22";"37,22";"37,22";"37,22"
"1517954400";"07.02.2018 00:00";"33,98";"33,98";"33,98";"33,98"
"1517958000";"07.02.2018 01:00";"33,72";"33,72";"33,72";"33,72"
"1517961600";"07.02.2018 02:00";"33,45";"33,45";"33,45";"33,45"
"1517965200";"07.02.2018 03:00";"32,91";"32,91";"32,91";"32,91"
"1517968800";"07.02.2018 04:00";"33,07";"33,07";"33,07";"33,07"
"1517972400";"07.02.2018 05:00";"33,66";"33,66";"33,66";"33,66"
"1517976000";"07.02.2018 06:00";"37,85";"37,85";"37,85";"37,85"
"1517979600";"07.02.2018 07:00";"45,21";"45,21";"45,21";"45,21"
"1517983200";"07.02.2018 08:00";"60,07";"60,07";"60,07";"60,07"
"1517986800";"07.02.2018 09:00";"61,33";"61,33";"61,33";"61,33"
"1517990400";"07.02.2018 10:00";"58,97";"58,97";"58,97";"58,97"
"1517994000";"07.02.2018 11:00";"57,88";"57,88";"57,88";"57,88"
"1517997600";"07.02.2018 12:00";"48,01";"48,01";"48,01";"48,01"
"1518001200";"07.02.2018 13:00";"44,95";"44,95";"44,95";"44,95"
"1518004800";"07.02.2018 14:00";"55,5";"55,5";"55,5";"55,5"
"1518008400";"07.02.2018 15:00";"50,52";"50,52";"50,52";"50,52"
"1518012000";"07.02.2018 16:00";"49,77";"49,77";"49,77";"49,77"
"1518015600";"07.02.2018 17:00";"57,37";"57,37";"57,37";"57,37"
"1518019200";"07.02.2018 18:00";"67,58";"67,58";"67,58";"67,58"
"1518022800";"07.02.2018 19:00";"64,14";"64,14";"64,14";"64,14"
"1518026400";"07.02.2018 20:00";"55,2";"55,2";"55,2";"55,2"
"1518030000";"07.02.2018 21:00";"43,74";"43,74";"41,26";"41,26"
"1518033600";"07.02.2018 22:00";"40,23";"40,23";"40,23";"40,23"
"1518037200";"07.02.2018 23:00";"35,93";"35,93";"35,93";"35,93"
"1518040800";"08.02.2018 00:00";"32,91";"32,91";"32,91";"32,91"
"1518044400";"08.02.2018 01:00";"33,61";"33,61";"33,61";"33,61"
"1518048000";"08.02.2018 02:00";"33,06";"33,06";"33,06";"33,06"
"1518051600";"08.02.2018 03:00";"32,74";"32,74";"32,74";"32,74"
"1518055200";"08.02.2018 04:00";"32,6";"32,6";"32,6";"32,6"
"1518058800";"08.02.2018 05:00";"33,4";"33,4";"33,4";"33,4"
"1518062400";"08.02.2018 06:00";"35,19";"35,19";"35,19";"35,19"
"1518066000";"08.02.2018 07:00";"43,45";"43,45";"43,45";"43,45"
"1518069600";"08.02.2018 08:00";"59,61";"59,61";"59,61";"59,61"
"1518073200";"08.02.2018 09:00";"64,9";"64,9";"64,9";"64,9"
"1518076800";"08.02.2018 10:00";"64,83";"65,37";"64,83";"64,83"
"1518080400";"08.02.2018 11:00";"58,5";"58,5";"58,5";"58,5"
"1518084000";"08.02.2018 12:00";"55,46";"59,6";"40,1";"40,1"
"1518087600";"08.02.2018 13:00";"49,96";"49,96";"36,1";"36,1"
"1518091200";"08.02.2018 14:00";"48,03";"48,03";"40,95";"40,95"
"1518094800";"08.02.2018 15:00";"48,03";"48,03";"45,06";"45,06"
"1518098400";"08.02.2018 16:00";"49,08";"49,08";"49,08";"49,08"
"1518102000";"08.02.2018 17:00";"54,11";"54,11";"48,3";"48,3"
"1518105600";"08.02.2018 18:00";"55,5";"63,14";"55,5";"55,5"
"1518109200";"08.02.2018 19:00";"55,45";"60,07";"51,5";"51,5"
"1518112800";"08.02.2018 20:00";"55,43";"55,72";"35,13";"35,13"
"1518116400";"08.02.2018 21:00";"45,89";"45,89";"33,7";"33,7"
"1518120000";"08.02.2018 22:00";"40,97";"40,97";"32,85";"32,85"
"1518123600";"08.02.2018 23:00";"31,82";"31,82";"31,82";"31,82"
"1518127200";"09.02.2018 00:00";"30,95";"30,95";"30,95";"30,95"
"1518130800";"09.02.2018 01:00";"31,01";"31,01";"31,01";"31,01"
"1518134400";"09.02.2018 02:00";"30,65";"30,65";"30,65";"30,65"
"1518138000";"09.02.2018 03:00";"30,31";"30,31";"30,31";"30,31"
"1518141600";"09.02.2018 04:00";"30,4";"30,4";"30,4";"30,4"
"1518145200";"09.02.2018 05:00";"30,59";"30,59";"30,59";"30,59"
"1518148800";"09.02.2018 06:00";"34,66";"34,66";"34,66";"34,66"
"1518152400";"09.02.2018 07:00";"39,61";"39,61";"39,61";"39,61"
"1518156000";"09.02.2018 08:00";"45,56";"45,56";"45,56";"45,56"
"1518159600";"09.02.2018 09:00";"49,55";"49,55";"49,55";"49,55"
"1518163200";"09.02.2018 10:00";"48,09";"48,09";"48,09";"48,09"
"1518166800";"09.02.2018 11:00";"48,02";"48,02";"47,6";"47,6"
"1518170400";"09.02.2018 12:00";"48,03";"48,03";"33,12";"33,12"
"1518174000";"09.02.2018 13:00";"48,04";"48,04";"32,66";"32,66"
"1518177600";"09.02.2018 14:00";"48,01";"48,01";"34,58";"34,58"
"1518181200";"09.02.2018 15:00";"48,07";"48,07";"41,14";"41,14"
"1518184800";"09.02.2018 16:00";"45,61";"45,61";"40,76";"40,76"
"1518188400";"09.02.2018 17:00";"47,56";"47,56";"47,56";"47,56"
"1518192000";"09.02.2018 18:00";"48,4";"48,4";"48,4";"48,4"
"1518195600";"09.02.2018 19:00";"48,8";"48,8";"48,8";"48,8"
"1518199200";"09.02.2018 20:00";"42,06";"42,06";"32,93";"32,93"
"1518202800";"09.02.2018 21:00";"32,73";"32,73";"32,04";"32,04"
"1518206400";"09.02.2018 22:00";"31,89";"31,89";"31,89";"31,89"
"1518210000";"09.02.2018 23:00";"31,56";"31,56";"31,56";"31,56"
"1518213600";"10.02.2018 00:00";"31,17";"31,17";"31,17";"31,17"
"1518217200";"10.02.2018 01:00";"31,53";"31,53";"31,53";"31,53"
"1518220800";"10.02.2018 02:00";"31,27";"31,27";"31,27";"31,27"
"1518224400";"10.02.2018 03:00";"31,06";"31,06";"31,06";"31,06"
"1518228000";"10.02.2018 04:00";"31,15";"31,15";"31,15";"31,15"
"1518231600";"10.02.2018 05:00";"31,43";"31,43";"31,43";"31,43"
"1518235200";"10.02.2018 06:00";"31,8";"31,8";"31,8";"31,8"
"1518238800";"10.02.2018 07:00";"32,67";"32,67";"31,8";"31,8"
"1518242400";"10.02.2018 08:00";"33,34";"33,34";"31,41";"31,41"
"1518246000";"10.02.2018 09:00";"36,07";"36,07";"31,82";"31,82"
"1518249600";"10.02.2018 10:00";"36,07";"36,07";"32,53";"32,53"
"1518253200";"10.02.2018 11:00";"40,49";"40,49";"33,21";"33,21"
"1518256800";"10.02.2018 12:00";"40,47";"40,47";"33,04";"33,04"
"1518260400";"10.02.2018 13:00";"36,06";"36,06";"32,45";"32,45"
"1518264000";"10.02.2018 14:00";"36";"36";"32,23";"32,23"
"1518267600";"10.02.2018 15:00";"31,99";"31,99";"31,99";"31,99"
"1518271200";"10.02.2018 16:00";"32,72";"32,72";"32,36";"32,36"
"1518274800";"10.02.2018 17:00";"38,82";"38,82";"37,68";"37,68"
"1518278400";"10.02.2018 18:00";"41,72";"41,72";"39,79";"39,79"
"1518282000";"10.02.2018 19:00";"44,35";"44,35";"38,93";"38,93"
"1518285600";"10.02.2018 20:00";"40,57";"40,57";"32,9";"32,9"
"1518289200";"10.02.2018 21:00";"34,44";"34,44";"32,1";"32,1"
"1518292800";"10.02.2018 22:00";"32,46";"32,46";"31,93";"31,93"
"1518296400";"10.02.2018 23:00";"31,54";"31,54";"31,54";"31,54"
"1518300000";"11.02.2018 00:00";"30,01";"30,01";"30,01";"30,01"
"1518303600";"11.02.2018 01:00";"29,62";"29,62";"29,62";"29,62"
"1518307200";"11.02.2018 02:00";"29,33";"29,33";"29,33";"29,33"
"1518310800";"11.02.2018 03:00";"28,99";"28,99";"28,99";"28,99"
"1518314400";"11.02.2018 04:00";"28,84";"28,84";"28,84";"28,84"
"1518318000";"11.02.2018 05:00";"28,89";"28,89";"28,89";"28,89"
"1518321600";"11.02.2018 06:00";"28,79";"28,79";"28,79";"28,79"
"1518325200";"11.02.2018 07:00";"28,94";"28,94";"28,94";"28,94"
"1518328800";"11.02.2018 08:00";"29,06";"29,06";"29,06";"29,06"
"1518332400";"11.02.2018 09:00";"29,59";"29,59";"29,36";"29,36"
"1518336000";"11.02.2018 10:00";"29,71";"29,71";"29,67";"29,67"
"1518339600";"11.02.2018 11:00";"31,27";"31,27";"29,9";"29,9"
"1518343200";"11.02.2018 12:00";"33";"33";"30";"30"
"1518346800";"11.02.2018 13:00";"33,12";"33,12";"29,83";"29,83"
"1518350400";"11.02.2018 14:00";"33,11";"33,11";"29,71";"29,71"
"1518354000";"11.02.2018 15:00";"29,61";"29,61";"29,61";"29,61"
"1518357600";"11.02.2018 16:00";"30,01";"30,01";"30,01";"30,01"
"1518361200";"11.02.2018 17:00";"30,36";"30,36";"30,36";"30,36"
"1518364800";"11.02.2018 18:00";"33,14";"33,14";"30,82";"30,82"
"1518368400";"11.02.2018 19:00";"33,11";"33,11";"31,35";"31,35"
"1518372000";"11.02.2018 20:00";"33,18";"33,18";"31,03";"31,03"
"1518375600";"11.02.2018 21:00";"30,3";"30,3";"30,3";"30,3"
"1518379200";"11.02.2018 22:00";"29,91";"29,91";"29,91";"29,91"
"1518382800";"11.02.2018 23:00";"29,63";"29,63";"29,63";"29,63"
"1518386400";"12.02.2018 00:00";"29,06";"29,06";"29,06";"29,06"
"1518390000";"12.02.2018 01:00";"28,9";"28,9";"28,9";"28,9"
"1518393600";"12.02.2018 02:00";"28,57";"28,57";"28,57";"28,57"
"1518397200";"12.02.2018 03:00";"28,01";"28,01";"28,01";"28,01"
"1518400800";"12.02.2018 04:00";"28,81";"28,81";"28,81";"28,81"
"1518404400";"12.02.2018 05:00";"28,9";"28,9";"28,9";"28,9"
"1518408000";"12.02.2018 06:00";"32,77";"32,77";"32,77";"32,77"
"1518411600";"12.02.2018 07:00";"39,31";"39,31";"39,31";"39,31"
"1518415200";"12.02.2018 08:00";"42,59";"42,59";"42,59";"42,59"
"1518418800";"12.02.2018 09:00";"46,57";"46,57";"46,57";"46,57"
"1518422400";"12.02.2018 10:00";"51,86";"51,86";"51,86";"51,86"
"1518426000";"12.02.2018 11:00";"53,62";"53,62";"53,62";"53,62"
"1518429600";"12.02.2018 12:00";"46,01";"46,01";"46,01";"46,01"
"1518433200";"12.02.2018 13:00";"43,03";"43,03";"37,68";"37,68"
"1518436800";"12.02.2018 14:00";"46,02";"46,02";"46,02";"46,02"
"1518440400";"12.02.2018 15:00";"46,05";"46,05";"46,05";"46,05"
"1518444000";"12.02.2018 16:00";"44,68";"44,68";"44,68";"44,68"
"1518447600";"12.02.2018 17:00";"47,03";"47,03";"47,03";"47,03"
"1518451200";"12.02.2018 18:00";"55,63";"55,63";"55,63";"55,63"
"1518454800";"12.02.2018 19:00";"49,05";"49,05";"49,05";"49,05"
"1518458400";"12.02.2018 20:00";"33,98";"33,98";"33,98";"33,98"
"1518462000";"12.02.2018 21:00";"32,44";"32,44";"32,44";"32,44"
"1518465600";"12.02.2018 22:00";"31,92";"31,92";"31,92";"31,92"
"1518469200";"12.02.2018 23:00";"31,1";"31,1";"31,1";"31,1"
"1518472800";"13.02.2018 00:00";"30,96";"30,96";"30,96";"30,96"
"1518476400";"13.02.2018 01:00";"30,79";"30,79";"30,79";"30,79"
"1518480000";"13.02.2018 02:00";"30,57";"30,57";"30,57";"30,57"
"1518483600";"13.02.2018 03:00";"30,5";"30,5";"30,5";"30,5"
"1518487200";"13.02.2018 04:00";"30,78";"30,78";"30,78";"30,78"
"1518490800";"13.02.2018 05:00";"31,08";"31,08";"31,08";"31,08"
"1518494400";"13.02.2018 06:00";"32,68";"32,68";"32,68";"32,68"
"1518498000";"13.02.2018 07:00";"37,27";"37,27";"37,27";"37,27"
"1518501600";"13.02.2018 08:00";"45,49";"45,49";"45,49";"45,49"
"1518505200";"13.02.2018 09:00";"47,45";"47,45";"47,45";"47,45"
"1518508800";"13.02.2018 10:00";"46,41";"46,41";"46,41";"46,41"
"1518512400";"13.02.2018 11:00";"42,95";"42,95";"42,6";"42,6"
"1518516000";"13.02.2018 12:00";"38,05";"38,05";"37,08";"37,08"
"1518519600";"13.02.2018 13:00";"34,5";"34,5";"34,5";"34,5"
"1518523200";"13.02.2018 14:00";"34,06";"34,06";"34,06";"34,06"
"1518526800";"13.02.2018 15:00";"43,09";"43,09";"35,95";"35,95"
"1518530400";"13.02.2018 16:00";"36,32";"36,32";"36,32";"36,32"
"1518534000";"13.02.2018 17:00";"44,27";"44,27";"39,53";"39,53"
"1518537600";"13.02.2018 18:00";"49,85";"49,85";"49,64";"49,64"
"1518541200";"13.02.2018 19:00";"53,07";"53,07";"52,64";"52,64"
"1518544800";"13.02.2018 20:00";"43,86";"43,86";"38,67";"38,67"
"1518548400";"13.02.2018 21:00";"38,97";"38,97";"33,55";"33,55"
"1518552000";"13.02.2018 22:00";"36,08";"36,08";"33,1";"33,1"
"1518555600";"13.02.2018 23:00";"32,23";"32,23";"32,23";"32,23"
"1518559200";"14.02.2018 00:00";"31,18";"31,18";"31,18";"31,18"
"1518562800";"14.02.2018 01:00";"32,06";"32,06";"32,06";"32,06"
"1518566400";"14.02.2018 02:00";"31,71";"31,71";"31,71";"31,71"
"1518570000";"14.02.2018 03:00";"31,52";"31,52";"31,52";"31,52"
"1518573600";"14.02.2018 04:00";"31,59";"31,59";"31,59";"31,59"
"1518577200";"14.02.2018 05:00";"32,43";"32,43";"32,43";"32,43"
"1518580800";"14.02.2018 06:00";"33,82";"33,82";"33,63";"33,63"
"1518584400";"14.02.2018 07:00";"41,79";"41,79";"41,79";"41,79"
"1518588000";"14.02.2018 08:00";"48,28";"48,28";"48,28";"48,28"
"1518591600";"14.02.2018 09:00";"56,28";"56,28";"56,28";"56,28"
"1518595200";"14.02.2018 10:00";"53,72";"53,72";"45,05";"45,05"
"1518598800";"14.02.2018 11:00";"44,91";"44,91";"40,42";"40,42"
"1518602400";"14.02.2018 12:00";"40,13";"40,13";"36,82";"36,82"
"1518606000";"14.02.2018 13:00";"35,91";"35,91";"35,15";"35,15"
"1518609600";"14.02.2018 14:00";"35,12";"35,12";"35,12";"35,12"
"1518613200";"14.02.2018 15:00";"48,01";"48,01";"48,01";"48,01"
"1518616800";"14.02.2018 16:00";"46,01";"46,01";"44,3";"44,3"
"1518620400";"14.02.2018 17:00";"47,04";"47,04";"47,04";"47,04"
"1518624000";"14.02.2018 18:00";"49,91";"49,91";"49,91";"49,91"
"1518627600";"14.02.2018 19:00";"47,02";"47,02";"47,02";"47,02"
"1518631200";"14.02.2018 20:00";"40,01";"40,01";"33,98";"33,98"
"1518634800";"14.02.2018 21:00";"36,63";"36,63";"32,78";"32,78"
"1518638400";"14.02.2018 22:00";"32,61";"32,61";"32,61";"32,61"
"1518642000";"14.02.2018 23:00";"31,19";"31,19";"31,19";"31,19"
"1518645600";"15.02.2018 00:00";"29,77";"29,77";"29,77";"29,77"
"1518649200";"15.02.2018 01:00";"30,08";"30,08";"30,08";"30,08"
"1518652800";"15.02.2018 02:00";"30";"30";"30";"30"
"1518656400";"15.02.2018 03:00";"30,01";"30,01";"30,01";"30,01"
"1518660000";"15.02.2018 04:00";"29,73";"29,73";"29,73";"29,73"
"1518663600";"15.02.2018 05:00";"30,05";"30,05";"30,05";"30,05"
"1518667200";"15.02.2018 06:00";"34";"34";"34";"34"
"1518670800";"15.02.2018 07:00";"34,32";"34,32";"34,32";"34,32"
"1518674400";"15.02.2018 08:00";"41,91";"41,91";"41,91";"41,91"
"1518678000";"15.02.2018 09:00";"42,04";"42,04";"40,56";"40,56"
"1518681600";"15.02.2018 10:00";"42,04";"42,04";"38,76";"38,76"
"1518685200";"15.02.2018 11:00";"42,03";"42,03";"38,65";"38,65"
"1518688800";"15.02.2018 12:00";"32,78";"32,78";"32,78";"32,78"
"1518692400";"15.02.2018 13:00";"32,74";"32,74";"32,74";"32,74"
"1518696000";"15.02.2018 14:00";"32,98";"32,98";"32,98";"32,98"
"1518699600";"15.02.2018 15:00";"40,06";"40,06";"37,21";"37,21"
"1518703200";"15.02.2018 16:00";"40,03";"40,03";"34,68";"34,68"
"1518706800";"15.02.2018 17:00";"42,02";"42,02";"42,02";"42,02"
"1518710400";"15.02.2018 18:00";"43,69";"43,69";"43,69";"43,69"
"1518714000";"15.02.2018 19:00";"42,09";"42,09";"42,09";"42,09"
"1518717600";"15.02.2018 20:00";"35,14";"35,14";"35,14";"35,14"
"1518721200";"15.02.2018 21:00";"33,92";"33,92";"33,92";"33,92"
"1518724800";"15.02.2018 22:00";"33,89";"33,89";"33,89";"33,89"
"1518728400";"15.02.2018 23:00";"33,01";"33,01";"33,01";"33,01"
"1518732000";"16.02.2018 00:00";"32,15";"32,15";"32,15";"32,15"
"1518735600";"16.02.2018 01:00";"32,05";"32,05";"32,05";"32,05"
"1518739200";"16.02.2018 02:00";"31,86";"31,86";"31,86";"31,86"
"1518742800";"16.02.2018 03:00";"31,78";"31,78";"31,78";"31,78"
"1518746400";"16.02.2018 04:00";"31,51";"31,51";"31,51";"31,51"
"1518750000";"16.02.2018 05:00";"31,99";"31,99";"31,99";"31,99"
"1518753600";"16.02.2018 06:00";"36,11";"36,11";"36,11";"36,11"
"1518757200";"16.02.2018 07:00";"41";"41";"41";"41"
"1518760800";"16.02.2018 08:00";"45,2";"45,2";"45,2";"45,2"
"1518764400";"16.02.2018 09:00";"48,07";"48,07";"48,07";"48,07"
"1518768000";"16.02.2018 10:00";"49,49";"49,49";"49,49";"49,49"
"1518771600";"16.02.2018 11:00";"49,1";"49,1";"49,1";"49,1"
"1518775200";"16.02.2018 12:00";"44,07";"44,07";"44,07";"44,07"
"1518778800";"16.02.2018 13:00";"41,67";"41,67";"41,67";"41,67"
"1518782400";"16.02.2018 14:00";"44,04";"44,04";"44,04";"44,04"
"1518786000";"16.02.2018 15:00";"44,05";"44,05";"44,05";"44,05"
"1518789600";"16.02.2018 16:00";"43,33";"43,33";"43,33";"43,33"
"1518793200";"16.02.2018 17:00";"46,89";"46,89";"46,89";"46,89"
"1518796800";"16.02.2018 18:00";"49,87";"49,87";"49,87";"49,87"
"1518800400";"16.02.2018 19:00";"49,05";"49,05";"49,05";"49,05"
"1518804000";"16.02.2018 20:00";"39,39";"39,39";"39,39";"39,39"
"1518807600";"16.02.2018 21:00";"35,81";"35,81";"35,81";"35,81"
"1518811200";"16.02.2018 22:00";"34,92";"34,92";"34,92";"34,92"
"1518814800";"16.02.2018 23:00";"33,57";"33,57";"33,57";"33,57"
"1518818400";"17.02.2018 00:00";"32,96";"32,96";"32,96";"32,96"
"1518822000";"17.02.2018 01:00";"34,67";"34,67";"34,67";"34,67"
"1518825600";"17.02.2018 02:00";"33,97";"33,97";"33,97";"33,97"
"1518829200";"17.02.2018 03:00";"33,97";"33,97";"33,97";"33,97"
"1518832800";"17.02.2018 04:00";"33,61";"33,61";"33,61";"33,61"
"1518836400";"17.02.2018 05:00";"33,62";"33,62";"33,62";"33,62"
"1518840000";"17.02.2018 06:00";"33,86";"33,86";"33,86";"33,86"
"1518843600";"17.02.2018 07:00";"34,59";"34,59";"34,59";"34,59"
"1518847200";"17.02.2018 08:00";"35,49";"35,49";"35,49";"35,49"
"1518850800";"17.02.2018 09:00";"36,9";"36,9";"36,9";"36,9"
"1518854400";"17.02.2018 10:00";"40,66";"40,66";"40,66";"40,66"
"1518858000";"17.02.2018 11:00";"44,6";"44,6";"44,6";"44,6"
"1518861600";"17.02.2018 12:00";"42,4";"42,4";"42,4";"42,4"
"1518865200";"17.02.2018 13:00";"40,64";"40,64";"40,64";"40,64"
"1518868800";"17.02.2018 14:00";"38,01";"38,01";"38,01";"38,01"
"1518872400";"17.02.2018 15:00";"35,97";"35,97";"35,97";"35,97"
"1518876000";"17.02.2018 16:00";"35,93";"35,93";"35,93";"35,93"
"1518879600";"17.02.2018 17:00";"38,52";"38,52";"38,52";"38,52"
"1518883200";"17.02.2018 18:00";"44,99";"44,99";"44,99";"44,99"
"1518886800";"17.02.2018 19:00";"49,77";"49,77";"49,77";"49,77"
"1518890400";"17.02.2018 20:00";"47,31";"47,31";"47,31";"47,31"
"1518894000";"17.02.2018 21:00";"39,47";"39,47";"38,97";"38,97"
"1518897600";"17.02.2018 22:00";"37,69";"37,69";"37,69";"37,69"
"1518901200";"17.02.2018 23:00";"35,85";"35,85";"35,85";"35,85"
"1518904800";"18.02.2018 00:00";"34,88";"34,88";"34,88";"34,88"
"1518908400";"18.02.2018 01:00";"34,91";"34,91";"34,91";"34,91"
"1518912000";"18.02.2018 02:00";"34,82";"34,82";"34,82";"34,82"
"1518915600";"18.02.2018 03:00";"33,98";"33,98";"33,98";"33,98"
"1518919200";"18.02.2018 04:00";"33,89";"33,89";"33,89";"33,89"
"1518922800";"18.02.2018 05:00";"33,83";"33,83";"33,83";"33,83"
"1518926400";"18.02.2018 06:00";"33,99";"33,99";"33,99";"33,99"
"1518930000";"18.02.2018 07:00";"33,51";"33,51";"33,51";"33,51"
"1518933600";"18.02.2018 08:00";"33,56";"33,56";"33,56";"33,56"
"1518937200";"18.02.2018 09:00";"34,23";"34,23";"34,23";"34,23"
"1518940800";"18.02.2018 10:00";"35,42";"35,42";"35,42";"35,42"
"1518944400";"18.02.2018 11:00";"35,75";"35,75";"35,75";"35,75"
"1518948000";"18.02.2018 12:00";"35,97";"35,97";"35,97";"35,97"
"1518951600";"18.02.2018 13:00";"34,71";"34,71";"34,71";"34,71"
"1518955200";"18.02.2018 14:00";"35";"35";"35";"35"
"1518958800";"18.02.2018 15:00";"34,38";"34,38";"34,38";"34,38"
"1518962400";"18.02.2018 16:00";"34,94";"34,94";"34,94";"34,94"
"1518966000";"18.02.2018 17:00";"36,24";"36,24";"36,24";"36,24"
"1518969600";"18.02.2018 18:00";"41,35";"41,35";"41,35";"41,35"
"1518973200";"18.02.2018 19:00";"47,45";"47,45";"47,45";"47,45"
"1518976800";"18.02.2018 20:00";"44,04";"44,04";"44,04";"44,04"
"1518980400";"18.02.2018 21:00";"40";"40";"40";"40"
"1518984000";"18.02.2018 22:00";"36,96";"36,96";"36,96";"36,96"
"1518987600";"18.02.2018 23:00";"35,36";"35,36";"35,36";"35,36"
"1518991200";"19.02.2018 00:00";"33,77";"33,77";"33,77";"33,77"
"1518994800";"19.02.2018 01:00";"33,77";"33,77";"33,77";"33,77"
"1518998400";"19.02.2018 02:00";"33,56";"33,56";"33,56";"33,56"
"1519002000";"19.02.2018 03:00";"33,78";"33,78";"33,78";"33,78"
"1519005600";"19.02.2018 04:00";"33,94";"33,94";"33,94";"33,94"
"1519009200";"19.02.2018 05:00";"35,07";"35,07";"35,07";"35,07"
"1519012800";"19.02.2018 06:00";"43,48";"43,48";"43,48";"43,48"
"1519016400";"19.02.2018 07:00";"50,05";"50,05";"50,05";"50,05"
"1519020000";"19.02.2018 08:00";"57,95";"57,95";"57,95";"57,95"
"1519023600";"19.02.2018 09:00";"61,28";"61,28";"61,28";"61,28"
"1519027200";"19.02.2018 10:00";"67,91";"67,91";"67,91";"67,91"
"1519030800";"19.02.2018 11:00";"67,04";"67,04";"67,04";"67,04"
"1519034400";"19.02.2018 12:00";"58,11";"58,11";"58,11";"58,11"
"1519038000";"19.02.2018 13:00";"54,24";"54,24";"54,24";"54,24"
"1519041600";"19.02.2018 14:00";"52,67";"52,67";"52,67";"52,67"
"1519045200";"19.02.2018 15:00";"58,42";"58,42";"58,42";"58,42"
"1519048800";"19.02.2018 16:00";"52,68";"52,68";"52,68";"52,68"
"1519052400";"19.02.2018 17:00";"49,75";"49,75";"49,75";"49,75"
"1519056000";"19.02.2018 18:00";"66,18";"66,18";"66,18";"66,18"
"1519059600";"19.02.2018 19:00";"67,84";"67,84";"67,84";"67,84"
"1519063200";"19.02.2018 20:00";"54,39";"54,39";"54,39";"54,39"
"1519066800";"19.02.2018 21:00";"43,3";"43,3";"43,3";"43,3"
"1519070400";"19.02.2018 22:00";"42";"42";"42";"42"
"1519074000";"19.02.2018 23:00";"38,12";"38,12";"38,12";"38,12"
"1519077600";"20.02.2018 00:00";"35,77";"35,77";"35,77";"35,77"
"1519081200";"20.02.2018 01:00";"37,27";"37,27";"37,27";"37,27"
"1519084800";"20.02.2018 02:00";"36,43";"36,43";"36,43";"36,43"
"1519088400";"20.02.2018 03:00";"36,06";"36,06";"36,06";"36,06"
"1519092000";"20.02.2018 04:00";"35,65";"35,65";"35,65";"35,65"
"1519095600";"20.02.2018 05:00";"36,95";"36,95";"36,95";"36,95"
"1519099200";"20.02.2018 06:00";"50,04";"50,04";"50,04";"50,04"
"1519102800";"20.02.2018 07:00";"79,99";"79,99";"79,99";"79,99"
"1519106400";"20.02.2018 08:00";"74,7";"74,7";"74,7";"74,7"
"1519110000";"20.02.2018 09:00";"61,92";"61,92";"61,92";"61,92"
"1519113600";"20.02.2018 10:00";"62,83";"62,83";"62,83";"62,83"
"1519117200";"20.02.2018 11:00";"59,89";"59,89";"59,89";"59,89"
"1519120800";"20.02.2018 12:00";"56,1";"56,1";"56,1";"56,1"
"1519124400";"20.02.2018 13:00";"53,38";"53,38";"53,38";"53,38"
"1519128000";"20.02.2018 14:00";"51,67";"51,67";"51,67";"51,67"
"1519131600";"20.02.2018 15:00";"54,17";"54,17";"54,17";"54,17"
"1519135200";"20.02.2018 16:00";"56,78";"56,78";"56,78";"56,78"
"1519138800";"20.02.2018 17:00";"60,08";"60,08";"60,08";"60,08"
"1519142400";"20.02.2018 18:00";"76,2";"76,2";"76,2";"76,2"
"1519146000";"20.02.2018 19:00";"71,27";"71,27";"71,27";"71,27"
"1519149600";"20.02.2018 20:00";"58,19";"58,19";"58,19";"58,19"
"1519153200";"20.02.2018 21:00";"46,93";"46,93";"46,93";"46,93"
"1519156800";"20.02.2018 22:00";"42,89";"42,89";"42,89";"42,89"
"1519160400";"20.02.2018 23:00";"40,84";"40,84";"40,84";"40,84"
"1519164000";"21.02.2018 00:00";"37,41";"37,41";"37,41";"37,41"
"1519167600";"21.02.2018 01:00";"37,46";"37,46";"37,46";"37,46"
"1519171200";"21.02.2018 02:00";"37,05";"37,05";"37,05";"37,05"
"1519174800";"21.02.2018 03:00";"36,78";"36,78";"36,78";"36,78"
"1519178400";"21.02.2018 04:00";"36,64";"36,64";"36,64";"36,64"
"1519182000";"21.02.2018 05:00";"37,33";"37,33";"37,33";"37,33"
"1519185600";"21.02.2018 06:00";"60,01";"60,01";"60,01";"60,01"
"1519189200";"21.02.2018 07:00";"62,22";"62,22";"62,22";"62,22"
"1519192800";"21.02.2018 08:00";"74,96";"74,96";"74,96";"74,96"
"1519196400";"21.02.2018 09:00";"67,38";"67,38";"67,38";"67,38"
"1519200000";"21.02.2018 10:00";"72,48";"72,48";"72,48";"72,48"
"1519203600";"21.02.2018 11:00";"84,2";"84,2";"84,2";"84,2"
"1519207200";"21.02.2018 12:00";"56,45";"56,45";"56,45";"56,45"
"1519210800";"21.02.2018 13:00";"49,53";"49,53";"49,53";"49,53"
"1519214400";"21.02.2018 14:00";"51,36";"51,36";"51,36";"51,36"
"1519218000";"21.02.2018 15:00";"61,01";"61,01";"61,01";"61,01"
"1519221600";"21.02.2018 16:00";"52,65";"52,65";"52,65";"52,65"
"1519225200";"21.02.2018 17:00";"60,03";"60,03";"60,03";"60,03"
"1519228800";"21.02.2018 18:00";"67,96";"67,96";"67,96";"67,96"
"1519232400";"21.02.2018 19:00";"67,32";"67,32";"67,32";"67,32"
"1519236000";"21.02.2018 20:00";"55,24";"55,24";"55,24";"55,24"
"1519239600";"21.02.2018 21:00";"48,13";"48,13";"48,13";"48,13"
"1519243200";"21.02.2018 22:00";"43,97";"43,97";"43,97";"43,97"
"1519246800";"21.02.2018 23:00";"39,89";"39,89";"39,89";"39,89"
"1519250400";"22.02.2018 00:00";"37,28";"37,28";"37,28";"37,28"
"1519254000";"22.02.2018 01:00";"39,17";"39,17";"39,17";"39,17"
"1519257600";"22.02.2018 02:00";"38,31";"38,31";"38,31";"38,31"
"1519261200";"22.02.2018 03:00";"37,95";"37,95";"37,95";"37,95"
"1519264800";"22.02.2018 04:00";"38,04";"38,04";"38,04";"38,04"
"1519268400";"22.02.2018 05:00";"39,05";"39,05";"39,05";"39,05"
"1519272000";"22.02.2018 06:00";"48,01";"48,01";"48,01";"48,01"
"1519275600";"22.02.2018 07:00";"53,01";"53,01";"53,01";"53,01"
"1519279200";"22.02.2018 08:00";"67,99";"67,99";"67,99";"67,99"
"1519282800";"22.02.2018 09:00";"67,97";"67,97";"67,97";"67,97"
"1519286400";"22.02.2018 10:00";"62,57";"62,57";"62,57";"62,57"
"1519290000";"22.02.2018 11:00";"57,91";"57,91";"57,91";"57,91"
"1519293600";"22.02.2018 12:00";"49,41";"49,41";"49,41";"49,41"
"1519297200";"22.02.2018 13:00";"45,92";"45,92";"45,92";"45,92"
"1519300800";"22.02.2018 14:00";"46,09";"46,09";"46,09";"46,09"
"1519304400";"22.02.2018 15:00";"52,54";"52,54";"52,54";"52,54"
"1519308000";"22.02.2018 16:00";"50,02";"50,02";"50,02";"50,02"
"1519311600";"22.02.2018 17:00";"50,02";"50,02";"50,02";"50,02"
"1519315200";"22.02.2018 18:00";"84,99";"84,99";"84,99";"84,99"
"1519318800";"22.02.2018 19:00";"66,19";"66,19";"66,19";"66,19"
"1519322400";"22.02.2018 20:00";"55,8";"55,8";"55,8";"55,8"
"1519326000";"22.02.2018 21:00";"45,83";"45,83";"45,83";"45,83"
"1519329600";"22.02.2018 22:00";"44,44";"44,44";"44,44";"44,44"
"1519333200";"22.02.2018 23:00";"42,44";"42,44";"42,44";"42,44"
"1519336800";"23.02.2018 00:00";"38,2";"38,2";"38,2";"38,2"
"1519340400";"23.02.2018 01:00";"38,58";"38,58";"38,58";"38,58"
"1519344000";"23.02.2018 02:00";"37,53";"37,53";"37,53";"37,53"
"1519347600";"23.02.2018 03:00";"37,24";"37,24";"37,24";"37,24"
"1519351200";"23.02.2018 04:00";"37,13";"37,13";"37,13";"37,13"
"1519354800";"23.02.2018 05:00";"37,54";"37,54";"37,54";"37,54"
"1519358400";"23.02.2018 06:00";"39,85";"39,85";"39,85";"39,85"
"1519362000";"23.02.2018 07:00";"48,36";"48,36";"48,36";"48,36"
"1519365600";"23.02.2018 08:00";"61,62";"61,62";"61,62";"61,62"
"1519369200";"23.02.2018 09:00";"63,03";"63,03";"63,03";"63,03"
"1519372800";"23.02.2018 10:00";"55,5";"55,5";"55,5";"55,5"
"1519376400";"23.02.2018 11:00";"54,1";"54,1";"54,1";"54,1"
"1519380000";"23.02.2018 12:00";"46,35";"46,35";"46,35";"46,35"
"1519383600";"23.02.2018 13:00";"42,77";"42,77";"42,77";"42,77"
"1519387200";"23.02.2018 14:00";"43";"43";"43";"43"
"1519390800";"23.02.2018 15:00";"40,56";"40,56";"40,56";"40,56"
"1519394400";"23.02.2018 16:00";"41,43";"41,43";"41,43";"41,43"
"1519398000";"23.02.2018 17:00";"44,33";"44,33";"44,33";"44,33"
"1519401600";"23.02.2018 18:00";"50,48";"50,48";"50,48";"50,48"
"1519405200";"23.02.2018 19:00";"53,97";"53,97";"53,97";"53,97"
"1519408800";"23.02.2018 20:00";"48,09";"48,09";"48,09";"48,09"
"1519412400";"23.02.2018 21:00";"41,81";"41,81";"41,81";"41,81"
"1519416000";"23.02.2018 22:00";"38,71";"38,71";"38,71";"38,71"
"1519419600";"23.02.2018 23:00";"37,78";"37,78";"37,78";"37,78"
"1519423200";"24.02.2018 00:00";"36,05";"36,05";"36,05";"36,05"
"1519426800";"24.02.2018 01:00";"37,55";"37,55";"37,55";"37,55"
"1519430400";"24.02.2018 02:00";"37,05";"37,05";"37,05";"37,05"
"1519434000";"24.02.2018 03:00";"36,95";"36,95";"36,95";"36,95"
"1519437600";"24.02.2018 04:00";"36,84";"36,84";"36,84";"36,84"
"1519441200";"24.02.2018 05:00";"36,99";"36,99";"36,99";"36,99"
"1519444800";"24.02.2018 06:00";"37,05";"37,05";"37,05";"37,05"
"1519448400";"24.02.2018 07:00";"37,59";"37,59";"37,59";"37,59"
"1519452000";"24.02.2018 08:00";"37,96";"37,96";"37,96";"37,96"
"1519455600";"24.02.2018 09:00";"38,03";"38,03";"38,03";"38,03"
"1519459200";"24.02.2018 10:00";"40,21";"40,21";"40,21";"40,21"
"1519462800";"24.02.2018 11:00";"41,38";"41,38";"41,38";"41,38"
"1519466400";"24.02.2018 12:00";"41,17";"41,17";"41,17";"41,17"
"1519470000";"24.02.2018 13:00";"38,87";"38,87";"38,87";"38,87"
"1519473600";"24.02.2018 14:00";"37,78";"37,78";"37,78";"37,78"
"1519477200";"24.02.2018 15:00";"36,95";"36,95";"36,95";"36,95"
"1519480800";"24.02.2018 16:00";"36,95";"36,95";"36,95";"36,95"
"1519484400";"24.02.2018 17:00";"37,79";"37,79";"37,79";"37,79"
"1519488000";"24.02.2018 18:00";"40,84";"40,84";"40,84";"40,84"
"1519491600";"24.02.2018 19:00";"43,31";"43,31";"43,31";"43,31"
"1519495200";"24.02.2018 20:00";"40,78";"40,78";"40,78";"40,78"
"1519498800";"24.02.2018 21:00";"38,86";"38,86";"38,86";"38,86"
"1519502400";"24.02.2018 22:00";"37,84";"37,84";"37,84";"37,84"
"1519506000";"24.02.2018 23:00";"37,37";"37,37";"37,37";"37,37"
"1519509600";"25.02.2018 00:00";"36,96";"36,96";"36,96";"36,96"
"1519513200";"25.02.2018 01:00";"37,66";"37,66";"37,66";"37,66"
"1519516800";"25.02.2018 02:00";"37,51";"37,51";"37,51";"37,51"
"1519520400";"25.02.2018 03:00";"37,21";"37,21";"37,21";"37,21"
"1519524000";"25.02.2018 04:00";"36,87";"36,87";"36,87";"36,87"
"1519527600";"25.02.2018 05:00";"36,78";"36,78";"36,78";"36,78"
"1519531200";"25.02.2018 06:00";"37,19";"37,19";"37,19";"37,19"
"1519534800";"25.02.2018 07:00";"37,63";"37,63";"37,63";"37,63"
"1519538400";"25.02.2018 08:00";"38,11";"38,11";"38,11";"38,11"
"1519542000";"25.02.2018 09:00";"38,43";"38,43";"38,43";"38,43"
"1519545600";"25.02.2018 10:00";"39,13";"39,13";"39,13";"39,13"
"1519549200";"25.02.2018 11:00";"39,33";"39,33";"39,33";"39,33"
"1519552800";"25.02.2018 12:00";"38,93";"38,93";"38,93";"38,93"
"1519556400";"25.02.2018 13:00";"38,5";"38,5";"38,5";"38,5"
"1519560000";"25.02.2018 14:00";"37,6";"37,6";"37,6";"37,6"
"1519563600";"25.02.2018 15:00";"36,74";"36,74";"36,74";"36,74"
"1519567200";"25.02.2018 16:00";"36,8";"36,8";"36,8";"36,8"
"1519570800";"25.02.2018 17:00";"37,47";"37,47";"37,47";"37,47"
"1519574400";"25.02.2018 18:00";"41,77";"41,77";"41,77";"41,77"
"1519578000";"25.02.2018 19:00";"45,96";"45,96";"45,96";"45,96"
"1519581600";"25.02.2018 20:00";"43,59";"43,59";"43,59";"43,59"
"1519585200";"25.02.2018 21:00";"39,94";"39,94";"39,94";"39,94"
"1519588800";"25.02.2018 22:00";"38,07";"38,07";"38,07";"38,07"
"1519592400";"25.02.2018 23:00";"37,84";"37,84";"37,84";"37,84"
"1519596000";"26.02.2018 00:00";"36,51";"36,51";"36,51";"36,51"
"1519599600";"26.02.2018 01:00";"36,03";"36,03";"36,03";"36,03"
"1519603200";"26.02.2018 02:00";"36,04";"36,04";"36,04";"36,04"
"1519606800";"26.02.2018 03:00";"36,04";"36,04";"36,04";"36,04"
"1519610400";"26.02.2018 04:00";"36,12";"36,12";"36,12";"36,12"
"1519614000";"26.02.2018 05:00";"36,75";"36,75";"36,75";"36,75"
"1519617600";"26.02.2018 06:00";"45,7";"45,7";"45,7";"45,7"
"1519621200";"26.02.2018 07:00";"50,6";"50,6";"50,6";"50,6"
"1519624800";"26.02.2018 08:00";"67,66";"67,66";"67,66";"67,66"
"1519628400";"26.02.2018 09:00";"68,18";"68,18";"68,18";"68,18"
"1519632000";"26.02.2018 10:00";"73,64";"73,64";"73,64";"73,64"
"1519635600";"26.02.2018 11:00";"57,69";"57,69";"57,69";"57,69"
"1519639200";"26.02.2018 12:00";"48,03";"48,03";"48,03";"48,03"
"1519642800";"26.02.2018 13:00";"44,01";"44,01";"41,96";"41,96"
"1519646400";"26.02.2018 14:00";"43,09";"43,09";"41,97";"41,97"
"1519650000";"26.02.2018 15:00";"48";"48";"48";"48"
"1519653600";"26.02.2018 16:00";"46,68";"46,68";"46,68";"46,68"
"1519657200";"26.02.2018 17:00";"49,2";"49,2";"49,2";"49,2"
"1519660800";"26.02.2018 18:00";"55,01";"55,01";"55,01";"55,01"
"1519664400";"26.02.2018 19:00";"73,73";"73,73";"73,73";"73,73"
"1519668000";"26.02.2018 20:00";"57,65";"57,65";"57,65";"57,65"
"1519671600";"26.02.2018 21:00";"46,81";"46,81";"46,81";"46,81"
"1519675200";"26.02.2018 22:00";"43,1";"43,1";"43,1";"43,1"
"1519678800";"26.02.2018 23:00";"40";"40";"40";"40"
"1519682400";"27.02.2018 00:00";"38,93";"38,93";"38,93";"38,93"
"1519686000";"27.02.2018 01:00";"39,75";"39,75";"39,75";"39,75"
"1519689600";"27.02.2018 02:00";"38,28";"38,28";"38,28";"38,28"
"1519693200";"27.02.2018 03:00";"37,66";"37,66";"37,66";"37,66"
"1519696800";"27.02.2018 04:00";"37,69";"37,69";"37,69";"37,69"
"1519700400";"27.02.2018 05:00";"38,7";"38,7";"38,7";"38,7"
"1519704000";"27.02.2018 06:00";"46,62";"46,62";"46,62";"46,62"
"1519707600";"27.02.2018 07:00";"57,66";"57,66";"57,66";"57,66"
"1519711200";"27.02.2018 08:00";"71,98";"71,98";"71,98";"71,98"
"1519714800";"27.02.2018 09:00";"72,38";"72,38";"72,38";"72,38"
"1519718400";"27.02.2018 10:00";"66,21";"66,21";"66,21";"66,21"
"1519722000";"27.02.2018 11:00";"63,52";"63,52";"63,52";"63,52"
"1519725600";"27.02.2018 12:00";"49,1";"49,1";"49,1";"49,1"
"1519729200";"27.02.2018 13:00";"52,59";"52,59";"52,59";"52,59"
"1519732800";"27.02.2018 14:00";"56";"56";"56";"56"
"1519736400";"27.02.2018 15:00";"49,7";"49,7";"49,7";"49,7"
"1519740000";"27.02.2018 16:00";"48,06";"48,06";"48,06";"48,06"
"1519743600";"27.02.2018 17:00";"54,85";"54,85";"54,85";"54,85"
"1519747200";"27.02.2018 18:00";"62,1";"62,1";"62,1";"62,1"
"1519750800";"27.02.2018 19:00";"73,32";"73,32";"73,32";"73,32"
"1519754400";"27.02.2018 20:00";"52,31";"52,31";"52,31";"52,31"
"1519758000";"27.02.2018 21:00";"45,85";"45,85";"45,85";"45,85"
"1519761600";"27.02.2018 22:00";"40,99";"40,99";"40,99";"40,99"
"1519765200";"27.02.2018 23:00";"38,72";"38,72";"38,72";"38,72"
"1519768800";"28.02.2018 00:00";"37,72";"37,72";"37,72";"37,72"
"1519772400";"28.02.2018 01:00";"37,98";"37,98";"37,98";"37,98"
"1519776000";"28.02.2018 02:00";"37,7";"37,7";"37,7";"37,7"
"1519779600";"28.02.2018 03:00";"37,7";"37,7";"37,7";"37,7"
"1519783200";"28.02.2018 04:00";"37,82";"37,82";"37,82";"37,82"
"1519786800";"28.02.2018 05:00";"38,06";"38,06";"38,06";"38,06"
"1519790400";"28.02.2018 06:00";"59,21";"48,03";"199,94";"199,94"
"1519794000";"28.02.2018 07:00";"59,29";"59,29";"202,06";"202,06"
"1519797600";"28.02.2018 08:00";"249,97";"249,97";"249,97";"249,97"
"1519801200";"28.02.2018 09:00";"205,09";"205,09";"205,09";"205,09"
"1519804800";"28.02.2018 10:00";"200,26";"200,26";"202,08";"202,08"
"1519808400";"28.02.2018 11:00";"202,02";"202,02";"202,02";"202,02"
"1519812000";"28.02.2018 12:00";"63,36";"63,36";"63,36";"63,36"
"1519815600";"28.02.2018 13:00";"55,01";"55,01";"55,01";"55,01"
"1519819200";"28.02.2018 14:00";"55,08";"55,08";"55,08";"55,08"
"1519822800";"28.02.2018 15:00";"59,27";"59,27";"59,27";"59,27"
"1519826400";"28.02.2018 16:00";"55,09";"55,09";"55,09";"55,09"
"1519830000";"28.02.2018 17:00";"55,09";"55,09";"55,09";"55,09"
"1519833600";"28.02.2018 18:00";"76,94";"76,94";"76,94";"76,94"
"1519837200";"28.02.2018 19:00";"72,91";"72,91";"72,91";"72,91"
"1519840800";"28.02.2018 20:00";"59,25";"59,25";"59,25";"59,25"
"1519844400";"28.02.2018 21:00";"44,91";"44,91";"44,91";"44,91"
"1519848000";"28.02.2018 22:00";"41,54";"41,54";"41,54";"41,54"
"1519851600";"28.02.2018 23:00";"38,72";"38,72";"38,72";"38,72"
"1519855200";"01.03.2018 00:00";"37,76";"37,76";"37,76";"37,76"
"1519858800";"01.03.2018 01:00";"39,52";"39,52";"39,52";"39,52"
"1519862400";"01.03.2018 02:00";"39,05";"39,05";"39,05";"39,05"
"1519866000";"01.03.2018 03:00";"38,83";"38,83";"38,83";"38,83"
"1519869600";"01.03.2018 04:00";"39,02";"39,02";"39,02";"39,02"
"1519873200";"01.03.2018 05:00";"39,6";"39,6";"39,6";"39,6"
"1519876800";"01.03.2018 06:00";"51,07";"51,07";"100,08";"51,07"
"1519880400";"01.03.2018 07:00";"85,83";"85,83";"85,83";"85,83"
"1519884000";"01.03.2018 08:00";"200,14";"200,14";"200,14";"200,14"
"1519887600";"01.03.2018 09:00";"255,02";"255,02";"255,02";"255,02"
"1519891200";"01.03.2018 10:00";"205";"205";"205";"205"
"1519894800";"01.03.2018 11:00";"192,64";"192,64";"192,64";"192,64"
"1519898400";"01.03.2018 12:00";"131,61";"131,61";"131,61";"131,61"
"1519902000";"01.03.2018 13:00";"107,98";"107,98";"107,98";"107,98"
"1519905600";"01.03.2018 14:00";"90,03";"90,03";"90,03";"90,03"
"1519909200";"01.03.2018 15:00";"67,06";"67,06";"67,06";"67,06"
"1519912800";"01.03.2018 16:00";"67,61";"67,61";"67,61";"67,61"
"1519916400";"01.03.2018 17:00";"67,63";"67,63";"67,63";"67,63"
"1519920000";"01.03.2018 18:00";"119,65";"119,65";"119,65";"119,65"
"1519923600";"01.03.2018 19:00";"153,34";"153,34";"153,34";"153,34"
"1519927200";"01.03.2018 20:00";"99,94";"99,94";"99,94";"99,94"
"1519930800";"01.03.2018 21:00";"59,47";"59,47";"59,47";"59,47"
"1519934400";"01.03.2018 22:00";"51,15";"51,15";"51,15";"51,15"
"1519938000";"01.03.2018 23:00";"41,99";"41,99";"41,99";"41,99"
"1519941600";"02.03.2018 00:00";"39,09";"39,09";"39,09";"39,09"
"1519945200";"02.03.2018 01:00";"40,01";"40,01";"40,01";"40,01"
"1519948800";"02.03.2018 02:00";"38,86";"38,86";"38,86";"38,86"
"1519952400";"02.03.2018 03:00";"38,81";"38,81";"38,81";"38,81"
"1519956000";"02.03.2018 04:00";"38,99";"38,99";"38,99";"38,99"
"1519959600";"02.03.2018 05:00";"40,07";"40,07";"40,07";"40,07"
"1519963200";"02.03.2018 06:00";"48,01";"48,01";"129,78";"48,01"
"1519966800";"02.03.2018 07:00";"71,97";"71,97";"150,09";"71,97"
"1519970400";"02.03.2018 08:00";"149,97";"149,97";"149,97";"149,97"
"1519974000";"02.03.2018 09:00";"119,06";"119,06";"119,06";"119,06"
"1519977600";"02.03.2018 10:00";"119,47";"119,47";"119,47";"119,47"
"1519981200";"02.03.2018 11:00";"100,02";"100,02";"100,02";"100,02"
"1519984800";"02.03.2018 12:00";"80";"80";"80";"80"
"1519988400";"02.03.2018 13:00";"60,58";"60,58";"60,58";"60,58"
"1519992000";"02.03.2018 14:00";"59,5";"59,5";"59,5";"59,5"
"1519995600";"02.03.2018 15:00";"59,41";"59,41";"59,41";"59,41"
"1519999200";"02.03.2018 16:00";"54,59";"54,59";"54,59";"54,59"
"1520002800";"02.03.2018 17:00";"59,45";"59,45";"59,45";"59,45"
"1520006400";"02.03.2018 18:00";"61,01";"61,01";"61,01";"61,01"
"1520010000";"02.03.2018 19:00";"75,95";"75,95";"75,95";"75,95"
"1520013600";"02.03.2018 20:00";"63,76";"63,76";"63,76";"63,76"
"1520017200";"02.03.2018 21:00";"47,95";"47,95";"47,95";"47,95"
"1520020800";"02.03.2018 22:00";"43,76";"43,76";"43,76";"43,76"
"1520024400";"02.03.2018 23:00";"41,69";"41,69";"41,69";"41,69"
"1520028000";"03.03.2018 00:00";"39,76";"39,76";"39,76";"39,76"
"1520031600";"03.03.2018 01:00";"41,81";"41,81";"41,81";"41,81"
"1520035200";"03.03.2018 02:00";"40,22";"40,22";"40,22";"40,22"
"1520038800";"03.03.2018 03:00";"39,06";"39,06";"39,06";"39,06"
"1520042400";"03.03.2018 04:00";"39,54";"39,54";"39,54";"39,54"
"1520046000";"03.03.2018 05:00";"39,77";"39,77";"39,77";"39,77"
"1520049600";"03.03.2018 06:00";"40,83";"40,83";"40,83";"40,83"
"1520053200";"03.03.2018 07:00";"42,48";"42,48";"42,48";"42,48"
"1520056800";"03.03.2018 08:00";"42,91";"42,91";"42,91";"42,91"
"1520060400";"03.03.2018 09:00";"44,27";"44,27";"44,27";"44,27"
"1520064000";"03.03.2018 10:00";"50,79";"50,79";"50,79";"50,79"
"1520067600";"03.03.2018 11:00";"50,53";"50,53";"50,53";"50,53"
"1520071200";"03.03.2018 12:00";"46,08";"46,08";"46,08";"46,08"
"1520074800";"03.03.2018 13:00";"43,12";"43,12";"43,12";"43,12"
"1520078400";"03.03.2018 14:00";"41,61";"41,61";"41,61";"41,61"
"1520082000";"03.03.2018 15:00";"40,88";"40,88";"40,88";"40,88"
"1520085600";"03.03.2018 16:00";"40,41";"40,41";"40,41";"40,41"
"1520089200";"03.03.2018 17:00";"40,97";"40,97";"40,97";"40,97"
"1520092800";"03.03.2018 18:00";"50,12";"50,12";"50,12";"50,12"
"1520096400";"03.03.2018 19:00";"59,7";"59,7";"59,7";"59,7"
"1520100000";"03.03.2018 20:00";"45,11";"45,11";"45,11";"45,11"
"1520103600";"03.03.2018 21:00";"41";"41";"41";"41"
"1520107200";"03.03.2018 22:00";"40,2";"40,2";"40,2";"40,2"
"1520110800";"03.03.2018 23:00";"39,06";"39,06";"39,06";"39,06"
"1520114400";"04.03.2018 00:00";"38,48";"38,48";"38,48";"38,48"
"1520118000";"04.03.2018 01:00";"40,37";"40,37";"40,37";"40,37"
"1520121600";"04.03.2018 02:00";"40,02";"40,02";"40,02";"40,02"
"1520125200";"04.03.2018 03:00";"39,68";"39,68";"39,68";"39,68"
"1520128800";"04.03.2018 04:00";"39,56";"39,56";"39,56";"39,56"
"1520132400";"04.03.2018 05:00";"39,48";"39,48";"39,48";"39,48"
"1520136000";"04.03.2018 06:00";"39,51";"39,51";"39,51";"39,51"
"1520139600";"04.03.2018 07:00";"39,89";"39,89";"39,89";"39,89"
"1520143200";"04.03.2018 08:00";"40";"40";"40";"40"
"1520146800";"04.03.2018 09:00";"41,58";"41,58";"41,58";"41,58"
"1520150400";"04.03.2018 10:00";"41,65";"41,65";"41,65";"41,65"
"1520154000";"04.03.2018 11:00";"42,97";"42,97";"42,97";"42,97"
"1520157600";"04.03.2018 12:00";"42,68";"42,68";"42,68";"42,68"
"1520161200";"04.03.2018 13:00";"41,71";"41,71";"41,71";"41,71"
"1520164800";"04.03.2018 14:00";"40,77";"40,77";"40,77";"40,77"
"1520168400";"04.03.2018 15:00";"40,22";"40,22";"40,22";"40,22"
"1520172000";"04.03.2018 16:00";"39,5";"39,5";"39,5";"39,5"
"1520175600";"04.03.2018 17:00";"40,05";"40,05";"40,05";"40,05"
"1520179200";"04.03.2018 18:00";"44,36";"44,36";"44,36";"44,36"
"1520182800";"04.03.2018 19:00";"47,68";"47,68";"47,68";"47,68"
"1520186400";"04.03.2018 20:00";"45,34";"45,34";"45,34";"45,34"
"1520190000";"04.03.2018 21:00";"40,96";"40,96";"40,96";"40,96"
"1520193600";"04.03.2018 22:00";"39,65";"39,65";"39,65";"39,65"
"1520197200";"04.03.2018 23:00";"38,7";"38,7";"38,7";"38,7"
"1520200800";"05.03.2018 00:00";"38,25";"38,25";"38,25";"38,25"
"1520204400";"05.03.2018 01:00";"37,9";"37,9";"37,9";"37,9"
"1520208000";"05.03.2018 02:00";"37,43";"37,43";"37,43";"37,43"
"1520211600";"05.03.2018 03:00";"37,47";"37,47";"37,47";"37,47"
"1520215200";"05.03.2018 04:00";"37,8";"37,8";"37,8";"37,8"
"1520218800";"05.03.2018 05:00";"38,15";"38,15";"38,15";"38,15"
"1520222400";"05.03.2018 06:00";"45,33";"45,33";"45,33";"45,33"
"1520226000";"05.03.2018 07:00";"60,01";"60,01";"60,01";"60,01"
"1520229600";"05.03.2018 08:00";"84,87";"84,87";"84,87";"84,87"
"1520233200";"05.03.2018 09:00";"64,06";"64,06";"64,06";"64,06"
"1520236800";"05.03.2018 10:00";"65,52";"65,52";"65,52";"65,52"
"1520240400";"05.03.2018 11:00";"63,34";"63,34";"63,34";"63,34"
"1520244000";"05.03.2018 12:00";"56,97";"56,97";"56,97";"56,97"
"1520247600";"05.03.2018 13:00";"55,88";"55,88";"55,88";"55,88"
"1520251200";"05.03.2018 14:00";"51,08";"51,08";"51,08";"51,08"
"1520254800";"05.03.2018 15:00";"53,43";"53,43";"53,43";"53,43"
"1520258400";"05.03.2018 16:00";"53,78";"53,78";"53,78";"53,78"
"1520262000";"05.03.2018 17:00";"54,16";"54,16";"54,16";"54,16"
"1520265600";"05.03.2018 18:00";"69,67";"69,67";"69,67";"69,67"
"1520269200";"05.03.2018 19:00";"83,16";"83,16";"83,16";"83,16"
"1520272800";"05.03.2018 20:00";"81,61";"81,61";"81,61";"81,61"
"1520276400";"05.03.2018 21:00";"59,59";"59,59";"59,59";"59,59"
"1520280000";"05.03.2018 22:00";"49,8";"49,8";"49,8";"49,8"
"1520283600";"05.03.2018 23:00";"43,69";"43,69";"43,69";"43,69"
"1520287200";"06.03.2018 00:00";"40,4";"40,4";"40,4";"40,4"
"1520290800";"06.03.2018 01:00";"38,96";"38,96";"38,96";"38,96"
"1520294400";"06.03.2018 02:00";"37,96";"37,96";"37,96";"37,96"
"1520298000";"06.03.2018 03:00";"37,39";"37,39";"37,39";"37,39"
"1520301600";"06.03.2018 04:00";"36,78";"36,78";"36,78";"36,78"
"1520305200";"06.03.2018 05:00";"37,42";"37,42";"37,42";"37,42"
"1520308800";"06.03.2018 06:00";"43,29";"43,29";"43,29";"43,29"
"1520312400";"06.03.2018 07:00";"51,28";"51,28";"51,28";"51,28"
"1520316000";"06.03.2018 08:00";"58,26";"58,26";"58,26";"58,26"
"1520319600";"06.03.2018 09:00";"65,19";"65,19";"65,19";"65,19"
"1520323200";"06.03.2018 10:00";"65,02";"65,02";"65,02";"65,02"
"1520326800";"06.03.2018 11:00";"63,28";"63,28";"63,28";"63,28"
"1520330400";"06.03.2018 12:00";"55,27";"55,27";"55,27";"55,27"
"1520334000";"06.03.2018 13:00";"55,23";"55,23";"52,39";"52,39"
"1520337600";"06.03.2018 14:00";"55,24";"55,24";"50,07";"50,07"
"1520341200";"06.03.2018 15:00";"51,1";"51,1";"49,86";"49,86"
"1520344800";"06.03.2018 16:00";"48,87";"48,87";"48,76";"48,76"
"1520348400";"06.03.2018 17:00";"48,24";"48,24";"48,24";"48,24"
"1520352000";"06.03.2018 18:00";"53,99";"53,99";"53,99";"53,99"
"1520355600";"06.03.2018 19:00";"59,24";"59,24";"59,24";"59,24"
"1520359200";"06.03.2018 20:00";"55,21";"55,21";"55,21";"55,21"
"1520362800";"06.03.2018 21:00";"45,99";"45,99";"45,99";"45,99"
"1520366400";"06.03.2018 22:00";"43,04";"43,04";"43,04";"43,04"
"1520370000";"06.03.2018 23:00";"40,58";"40,58";"40,58";"40,58"
"1520373600";"07.03.2018 00:00";"38,6";"38,6";"38,6";"38,6"
"1520377200";"07.03.2018 01:00";"38,13";"38,13";"38,13";"38,13"
"1520380800";"07.03.2018 02:00";"37,66";"37,66";"37,66";"37,66"
"1520384400";"07.03.2018 03:00";"37,1";"37,1";"37,1";"37,1"
"1520388000";"07.03.2018 04:00";"36,91";"36,91";"36,91";"36,91"
"1520391600";"07.03.2018 05:00";"37,54";"37,54";"37,54";"37,54"
"1520395200";"07.03.2018 06:00";"39,88";"39,88";"39,88";"39,88"
"1520398800";"07.03.2018 07:00";"45,2";"45,2";"45,2";"45,2"
"1520402400";"07.03.2018 08:00";"54,51";"54,51";"54,51";"54,51"
"1520406000";"07.03.2018 09:00";"60,3";"60,3";"60,3";"60,3"
"1520409600";"07.03.2018 10:00";"58,56";"58,56";"58,56";"58,56"
"1520413200";"07.03.2018 11:00";"55,18";"55,18";"55,18";"55,18"
"1520416800";"07.03.2018 12:00";"55,01";"55,01";"54,78";"54,78"
"1520420400";"07.03.2018 13:00";"55,04";"55,04";"50,27";"50,27"
"1520424000";"07.03.2018 14:00";"55,06";"55,06";"47,82";"47,82"
"1520427600";"07.03.2018 15:00";"52,56";"52,56";"46,51";"46,51"
"1520431200";"07.03.2018 16:00";"52,71";"52,71";"46,75";"46,75"
"1520434800";"07.03.2018 17:00";"51,69";"51,69";"47,72";"47,72"
"1520438400";"07.03.2018 18:00";"55,08";"55,08";"53,7";"53,7"
"1520442000";"07.03.2018 19:00";"60,95";"60,95";"60,95";"60,95"
"1520445600";"07.03.2018 20:00";"56,9";"56,9";"56,9";"56,9"
"1520449200";"07.03.2018 21:00";"46,04";"46,04";"46,04";"46,04"
"1520452800";"07.03.2018 22:00";"42,26";"42,26";"42,26";"42,26"
"1520456400";"07.03.2018 23:00";"39,79";"39,79";"39,79";"39,79"
"1520460000";"08.03.2018 00:00";"37,29";"37,29";"37,29";"37,29"
"1520463600";"08.03.2018 01:00";"37,37";"37,37";"37,37";"37,37"
"1520467200";"08.03.2018 02:00";"35,89";"35,89";"35,89";"35,89"
"1520470800";"08.03.2018 03:00";"35,73";"35,73";"35,73";"35,73"
"1520474400";"08.03.2018 04:00";"35,63";"35,63";"35,63";"35,63"
"1520478000";"08.03.2018 05:00";"36,09";"36,09";"36,09";"36,09"
"1520481600";"08.03.2018 06:00";"36,97";"36,97";"36,97";"36,97"
"1520485200";"08.03.2018 07:00";"40,54";"40,54";"40,54";"40,54"
"1520488800";"08.03.2018 08:00";"46,2";"46,2";"46,2";"46,2"
"1520492400";"08.03.2018 09:00";"48,02";"48,02";"46,96";"46,96"
"1520496000";"08.03.2018 10:00";"47,02";"47,02";"44,91";"44,91"
"1520499600";"08.03.2018 11:00";"46,03";"46,03";"42,4";"42,4"
"1520503200";"08.03.2018 12:00";"48,81";"48,81";"41,51";"41,51"
"1520506800";"08.03.2018 13:00";"50,03";"50,03";"40,89";"40,89"
"1520510400";"08.03.2018 14:00";"47,99";"47,99";"40,34";"40,34"
"1520514000";"08.03.2018 15:00";"49,4";"49,4";"39,51";"39,51"
"1520517600";"08.03.2018 16:00";"48,94";"48,94";"39,47";"39,47"
"1520521200";"08.03.2018 17:00";"47,16";"47,16";"40,51";"40,51"
"1520524800";"08.03.2018 18:00";"47,92";"47,92";"42,99";"42,99"
"1520528400";"08.03.2018 19:00";"51,28";"51,28";"47,66";"47,66"
"1520532000";"08.03.2018 20:00";"46,04";"46,04";"44,21";"44,21"
"1520535600";"08.03.2018 21:00";"38,8";"38,8";"38,8";"38,8"
"1520539200";"08.03.2018 22:00";"37,73";"37,73";"37,73";"37,73"
"1520542800";"08.03.2018 23:00";"36,52";"36,52";"36,52";"36,52"
"1520546400";"09.03.2018 00:00";"35,57";"35,57";"35,57";"35,57"
"1520550000";"09.03.2018 01:00";"35,77";"35,77";"35,77";"35,77"
"1520553600";"09.03.2018 02:00";"35,33";"35,33";"35,33";"35,33"
"1520557200";"09.03.2018 03:00";"34,99";"34,99";"34,99";"34,99"
"1520560800";"09.03.2018 04:00";"34,99";"34,99";"34,99";"34,99"
"1520564400";"09.03.2018 05:00";"35,55";"35,55";"35,55";"35,55"
"1520568000";"09.03.2018 06:00";"36,4";"36,4";"36,4";"36,4"
"1520571600";"09.03.2018 07:00";"38,19";"38,19";"38,14";"38,14"
"1520575200";"09.03.2018 08:00";"46,24";"46,24";"41,98";"41,98"
"1520578800";"09.03.2018 09:00";"53,36";"53,36";"43,93";"43,93"
"1520582400";"09.03.2018 10:00";"55,47";"55,47";"41,94";"41,94"
"1520586000";"09.03.2018 11:00";"55,42";"55,42";"40,69";"40,69"
"1520589600";"09.03.2018 12:00";"55,44";"55,44";"39,81";"39,81"
"1520593200";"09.03.2018 13:00";"55,42";"55,42";"38,51";"38,51"
"1520596800";"09.03.2018 14:00";"52,96";"52,96";"39,72";"39,72"
"1520600400";"09.03.2018 15:00";"51,59";"51,59";"40,38";"40,38"
"1520604000";"09.03.2018 16:00";"49,05";"49,05";"40,84";"40,84"
"1520607600";"09.03.2018 17:00";"49,04";"49,04";"41,56";"41,56"
"1520611200";"09.03.2018 18:00";"52,9";"52,9";"45,03";"45,03"
"1520614800";"09.03.2018 19:00";"55,41";"55,41";"54,01";"54,01"
"1520618400";"09.03.2018 20:00";"49,07";"49,07";"46,22";"46,22"
"1520622000";"09.03.2018 21:00";"49,08";"49,08";"42,19";"42,19"
"1520625600";"09.03.2018 22:00";"41,42";"41,42";"41,42";"41,42"
"1520629200";"09.03.2018 23:00";"39,76";"39,76";"39,76";"39,76"
"1520632800";"10.03.2018 00:00";"37,9";"37,9";"37,9";"37,9"
"1520636400";"10.03.2018 01:00";"37,88";"37,88";"37,88";"37,88"
"1520640000";"10.03.2018 02:00";"36,84";"36,84";"36,84";"36,84"
"1520643600";"10.03.2018 03:00";"36,44";"36,44";"36,44";"36,44"
"1520647200";"10.03.2018 04:00";"36,04";"36,04";"36,04";"36,04"
"1520650800";"10.03.2018 05:00";"36,27";"36,27";"36,27";"36,27"
"1520654400";"10.03.2018 06:00";"36,51";"36,51";"36,51";"36,51"
"1520658000";"10.03.2018 07:00";"36,72";"36,72";"36,72";"36,72"
"1520661600";"10.03.2018 08:00";"37,25";"37,25";"37,25";"37,25"
"1520665200";"10.03.2018 09:00";"39,07";"39,07";"37,56";"37,56"
"1520668800";"10.03.2018 10:00";"39,07";"39,07";"37,89";"37,89"
"1520672400";"10.03.2018 11:00";"39,08";"39,08";"37,66";"37,66"
"1520676000";"10.03.2018 12:00";"38,07";"38,07";"37,39";"37,39"
"1520679600";"10.03.2018 13:00";"38,04";"38,04";"37,03";"37,03"
"1520683200";"10.03.2018 14:00";"38,01";"38,01";"36,59";"36,59"
"1520686800";"10.03.2018 15:00";"36,36";"36,36";"36,36";"36,36"
"1520690400";"10.03.2018 16:00";"36,31";"36,31";"36,31";"36,31"
"1520694000";"10.03.2018 17:00";"36,76";"36,76";"36,76";"36,76"
"1520697600";"10.03.2018 18:00";"41,66";"41,66";"38,67";"38,67"
"1520701200";"10.03.2018 19:00";"47,06";"47,06";"41,3";"41,3"
"1520704800";"10.03.2018 20:00";"41,28";"41,28";"41,28";"41,28"
"1520708400";"10.03.2018 21:00";"38,43";"38,43";"38,43";"38,43"
"1520712000";"10.03.2018 22:00";"36,71";"36,71";"36,71";"36,71"
"1520715600";"10.03.2018 23:00";"36,38";"36,38";"36,38";"36,38"
"1520719200";"11.03.2018 00:00";"36,06";"36,06";"36,06";"36,06"
"1520722800";"11.03.2018 01:00";"36,38";"36,38";"36,38";"36,38"
"1520726400";"11.03.2018 02:00";"35,94";"35,94";"35,94";"35,94"
"1520730000";"11.03.2018 03:00";"35,76";"35,76";"35,76";"35,76"
"1520733600";"11.03.2018 04:00";"35,78";"35,78";"35,78";"35,78"
"1520737200";"11.03.2018 05:00";"35,69";"35,69";"35,69";"35,69"
"1520740800";"11.03.2018 06:00";"36,02";"36,02";"36,02";"36,02"
"1520744400";"11.03.2018 07:00";"36,33";"36,33";"36,33";"36,33"
"1520748000";"11.03.2018 08:00";"36,13";"36,13";"36,13";"36,13"
"1520751600";"11.03.2018 09:00";"36,34";"36,34";"36,34";"36,34"
"1520755200";"11.03.2018 10:00";"36,54";"36,54";"36,54";"36,54"
"1520758800";"11.03.2018 11:00";"36,86";"36,86";"36,86";"36,86"
"1520762400";"11.03.2018 12:00";"36,87";"36,87";"36,87";"36,87"
"1520766000";"11.03.2018 13:00";"36,51";"36,51";"36,51";"36,51"
"1520769600";"11.03.2018 14:00";"36,22";"36,22";"36,22";"36,22"
"1520773200";"11.03.2018 15:00";"35,52";"35,52";"35,52";"35,52"
"1520776800";"11.03.2018 16:00";"35,5";"35,5";"35,5";"35,5"
"1520780400";"11.03.2018 17:00";"36,02";"36,02";"36,02";"36,02"
"1520784000";"11.03.2018 18:00";"37,02";"37,02";"37,02";"37,02"
"1520787600";"11.03.2018 19:00";"37,49";"37,49";"37,49";"37,49"
"1520791200";"11.03.2018 20:00";"38,06";"38,06";"38,06";"38,06"
"1520794800";"11.03.2018 21:00";"36,9";"36,9";"36,9";"36,9"
"1520798400";"11.03.2018 22:00";"36,06";"36,06";"36,06";"36,06"
"1520802000";"11.03.2018 23:00";"35,71";"35,71";"35,71";"35,71"
"1520805600";"12.03.2018 00:00";"34,95";"34,95";"34,95";"34,95"
"1520809200";"12.03.2018 01:00";"34,31";"34,31";"34,31";"34,31"
"1520812800";"12.03.2018 02:00";"33,1";"33,1";"33,1";"33,1"
"1520816400";"12.03.2018 03:00";"34,01";"34,01";"34,01";"34,01"
"1520820000";"12.03.2018 04:00";"35,01";"35,01";"35,01";"35,01"
"1520823600";"12.03.2018 05:00";"35,84";"35,76";"35,84";"35,84"
"1520827200";"12.03.2018 06:00";"38,28";"38,28";"38,28";"38,28"
"1520830800";"12.03.2018 07:00";"42,22";"42,22";"42,22";"42,22"
"1520834400";"12.03.2018 08:00";"49,37";"49,37";"49,37";"49,37"
"1520838000";"12.03.2018 09:00";"50,48";"50,48";"50,48";"50,48"
"1520841600";"12.03.2018 10:00";"49,99";"49,99";"49,99";"49,99"
"1520845200";"12.03.2018 11:00";"47,91";"47,91";"47,91";"47,91"
"1520848800";"12.03.2018 12:00";"47,04";"47,04";"46,23";"46,23"
"1520852400";"12.03.2018 13:00";"47,05";"47,05";"45";"45"
"1520856000";"12.03.2018 14:00";"46,05";"46,05";"42,48";"42,48"
"1520859600";"12.03.2018 15:00";"44,1";"44,1";"41,65";"41,65"
"1520863200";"12.03.2018 16:00";"44,06";"44,06";"41,67";"41,67"
"1520866800";"12.03.2018 17:00";"44,06";"44,06";"42,49";"42,49"
"1520870400";"12.03.2018 18:00";"46,96";"46,96";"46,96";"46,96"
"1520874000";"12.03.2018 19:00";"50,24";"50,24";"50,24";"50,24"
"1520877600";"12.03.2018 20:00";"49,94";"49,94";"49,94";"49,94"
"1520881200";"12.03.2018 21:00";"42,24";"42,24";"42,24";"42,24"
"1520884800";"12.03.2018 22:00";"39,71";"39,71";"39,71";"39,71"
"1520888400";"12.03.2018 23:00";"37,6";"37,6";"37,6";"37,6"
"1520892000";"13.03.2018 00:00";"36,58";"36,58";"36,58";"36,58"
"1520895600";"13.03.2018 01:00";"37,35";"37,35";"37,35";"37,35"
"1520899200";"13.03.2018 02:00";"36,94";"36,94";"36,94";"36,94"
"1520902800";"13.03.2018 03:00";"35,97";"35,97";"35,97";"35,97"
"1520906400";"13.03.2018 04:00";"35,62";"35,62";"35,62";"35,62"
"1520910000";"13.03.2018 05:00";"36,79";"36,79";"36,79";"36,79"
"1520913600";"13.03.2018 06:00";"38,29";"38,29";"38,29";"38,29"
"1520917200";"13.03.2018 07:00";"41,16";"41,16";"41,16";"41,16"
"1520920800";"13.03.2018 08:00";"46,46";"46,46";"46,46";"46,46"
"1520924400";"13.03.2018 09:00";"47,51";"47,51";"47,51";"47,51"
"1520928000";"13.03.2018 10:00";"47,07";"47,07";"47,07";"47,07"
"1520931600";"13.03.2018 11:00";"46,95";"46,95";"46,95";"46,95"
"1520935200";"13.03.2018 12:00";"46,96";"46,96";"46,96";"46,96"
"1520938800";"13.03.2018 13:00";"47,02";"47,02";"45,81";"45,81"
"1520942400";"13.03.2018 14:00";"44,1";"44,1";"43,97";"43,97"
"1520946000";"13.03.2018 15:00";"44,06";"44,06";"43,9";"43,9"
"1520949600";"13.03.2018 16:00";"44,03";"44,03";"42,36";"42,36"
"1520953200";"13.03.2018 17:00";"41,85";"41,85";"41,85";"41,85"
"1520956800";"13.03.2018 18:00";"46,06";"46,06";"46,04";"46,04"
"1520960400";"13.03.2018 19:00";"50,92";"50,92";"50,92";"50,92"
"1520964000";"13.03.2018 20:00";"50,19";"50,19";"50,19";"50,19"
"1520967600";"13.03.2018 21:00";"43,91";"43,91";"43,91";"43,91"
"1520971200";"13.03.2018 22:00";"42";"42";"42";"42"
"1520974800";"13.03.2018 23:00";"39,46";"39,46";"39,46";"39,46"
"1520978400";"14.03.2018 00:00";"37,66";"37,66";"37,66";"37,66"
"1520982000";"14.03.2018 01:00";"37,04";"37,04";"37,04";"37,04"
"1520985600";"14.03.2018 02:00";"36,08";"36,08";"36,08";"36,08"
"1520989200";"14.03.2018 03:00";"36,06";"36,06";"36,06";"36,06"
"1520992800";"14.03.2018 04:00";"36,1";"36,1";"36,1";"36,1"
"1520996400";"14.03.2018 05:00";"37,12";"37,12";"37,12";"37,12"
"1521000000";"14.03.2018 06:00";"39,15";"39,15";"39,15";"39,15"
"1521003600";"14.03.2018 07:00";"45,27";"45,27";"45,27";"45,27"
"1521007200";"14.03.2018 08:00";"60,6";"60,6";"60,6";"60,6"
"1521010800";"14.03.2018 09:00";"64,98";"64,98";"64,98";"64,98"
"1521014400";"14.03.2018 10:00";"61,99";"61,99";"61,99";"61,99"
"1521018000";"14.03.2018 11:00";"57,98";"57,98";"57,98";"57,98"
"1521021600";"14.03.2018 12:00";"57,34";"57,34";"53,83";"53,83"
"1521025200";"14.03.2018 13:00";"56,13";"56,13";"49,58";"49,58"
"1521028800";"14.03.2018 14:00";"56,11";"56,11";"48,45";"48,45"
"1521032400";"14.03.2018 15:00";"49,93";"49,93";"46,99";"46,99"
"1521036000";"14.03.2018 16:00";"47,66";"47,66";"47,66";"47,66"
"1521039600";"14.03.2018 17:00";"47,77";"47,77";"47,77";"47,77"
"1521043200";"14.03.2018 18:00";"53,63";"53,63";"53,63";"53,63"
"1521046800";"14.03.2018 19:00";"62,81";"62,81";"62,81";"62,81"
"1521050400";"14.03.2018 20:00";"59,48";"59,48";"58,08";"58,08"
"1521054000";"14.03.2018 21:00";"47,52";"47,52";"45,95";"45,95"
"1521057600";"14.03.2018 22:00";"40,93";"40,93";"40,93";"40,93"
"1521061200";"14.03.2018 23:00";"38,58";"38,58";"38,58";"38,58"
"1521064800";"15.03.2018 00:00";"37,74";"37,74";"37,74";"37,74"
"1521068400";"15.03.2018 01:00";"37,99";"37,99";"37,99";"37,99"
"1521072000";"15.03.2018 02:00";"37,59";"37,59";"37,59";"37,59"
"1521075600";"15.03.2018 03:00";"37,56";"37,56";"37,56";"37,56"
"1521079200";"15.03.2018 04:00";"38,07";"38,07";"38,07";"38,07"
"1521082800";"15.03.2018 05:00";"38,55";"38,55";"38,55";"38,55"
"1521086400";"15.03.2018 06:00";"40,46";"40,46";"40,46";"40,46"
"1521090000";"15.03.2018 07:00";"41,59";"41,59";"41,59";"41,59"
"1521093600";"15.03.2018 08:00";"53,07";"53,07";"53,07";"53,07"
"1521097200";"15.03.2018 09:00";"73,48";"73,48";"73,48";"73,48"
"1521100800";"15.03.2018 10:00";"71,18";"71,18";"71,18";"71,18"
"1521104400";"15.03.2018 11:00";"58";"58";"58";"58"
"1521108000";"15.03.2018 12:00";"53,37";"53,37";"53,37";"53,37"
"1521111600";"15.03.2018 13:00";"51,02";"51,02";"50,32";"50,32"
"1521115200";"15.03.2018 14:00";"50,06";"50,06";"46,02";"46,02"
"1521118800";"15.03.2018 15:00";"47,04";"47,04";"43,93";"43,93"
"1521122400";"15.03.2018 16:00";"47,02";"47,02";"43,99";"43,99"
"1521126000";"15.03.2018 17:00";"45,9";"45,9";"44,24";"44,24"
"1521129600";"15.03.2018 18:00";"47";"47";"47";"47"
"1521133200";"15.03.2018 19:00";"47,57";"47,57";"47,57";"47,57"
"1521136800";"15.03.2018 20:00";"43,37";"43,37";"43,37";"43,37"
"1521140400";"15.03.2018 21:00";"41,25";"41,25";"41,25";"41,25"
"1521144000";"15.03.2018 22:00";"41,39";"41,39";"40,85";"41,39"
"1521147600";"15.03.2018 23:00";"38,64";"38,64";"39,18";"38,64"
"1521151200";"16.03.2018 00:00";"38,08";"38,08";"38,08";"38,08"
"1521154800";"16.03.2018 01:00";"37,82";"37,82";"37,82";"37,82"
"1521158400";"16.03.2018 02:00";"37,6";"37,6";"37,6";"37,6"
"1521162000";"16.03.2018 03:00";"37,53";"37,53";"37,53";"37,53"
"1521165600";"16.03.2018 04:00";"37,56";"37,56";"37,56";"37,56"
"1521169200";"16.03.2018 05:00";"38,1";"38,1";"38,1";"38,1"
"1521172800";"16.03.2018 06:00";"40,59";"40,59";"40,59";"40,59"
"1521176400";"16.03.2018 07:00";"42,31";"42,31";"42,31";"42,31"
"1521180000";"16.03.2018 08:00";"47";"47";"47";"47"
"1521183600";"16.03.2018 09:00";"49,04";"49,04";"49,04";"49,04"
"1521187200";"16.03.2018 10:00";"46,77";"46,77";"46,77";"46,77"
"1521190800";"16.03.2018 11:00";"44,68";"44,68";"44,68";"44,68"
"1521194400";"16.03.2018 12:00";"44,11";"44,11";"44,11";"44,11"
"1521198000";"16.03.2018 13:00";"43,88";"43,88";"43,88";"43,88"
"1521201600";"16.03.2018 14:00";"43,63";"43,63";"43,63";"43,63"
"1521205200";"16.03.2018 15:00";"41,91";"41,91";"41,91";"41,91"
"1521208800";"16.03.2018 16:00";"41,2";"41,2";"41,2";"41,2"
"1521212400";"16.03.2018 17:00";"40,95";"40,95";"40,95";"40,95"
"1521216000";"16.03.2018 18:00";"42,48";"42,48";"42,48";"42,48"
"1521219600";"16.03.2018 19:00";"45,06";"45,06";"45,06";"45,06"
"1521223200";"16.03.2018 20:00";"42,85";"42,85";"42,85";"42,85"
"1521226800";"16.03.2018 21:00";"41,14";"41,14";"41,14";"41,14"
"1521230400";"16.03.2018 22:00";"39,54";"39,54";"39,54";"39,54"
"1521234000";"16.03.2018 23:00";"38,04";"38,04";"38,04";"38,04"
"1521237600";"17.03.2018 00:00";"37,86";"37,86";"37,86";"37,86"
"1521241200";"17.03.2018 01:00";"38,59";"38,59";"38,59";"38,59"
"1521244800";"17.03.2018 02:00";"38,3";"38,3";"38,3";"38,3"
"1521248400";"17.03.2018 03:00";"38,1";"38,1";"38,1";"38,1"
"1521252000";"17.03.2018 04:00";"37,88";"37,88";"37,88";"37,88"
"1521255600";"17.03.2018 05:00";"37,66";"37,66";"37,66";"37,66"
"1521259200";"17.03.2018 06:00";"37,9";"37,9";"37,9";"37,9"
"1521262800";"17.03.2018 07:00";"37,95";"37,95";"37,95";"37,95"
"1521266400";"17.03.2018 08:00";"38,12";"38,12";"38,12";"38,12"
"1521270000";"17.03.2018 09:00";"38,4";"38,4";"38,4";"38,4"
"1521273600";"17.03.2018 10:00";"38,72";"38,72";"38,72";"38,72"
"1521277200";"17.03.2018 11:00";"38,84";"38,84";"38,84";"38,84"
"1521280800";"17.03.2018 12:00";"38,24";"38,24";"38,24";"38,24"
"1521284400";"17.03.2018 13:00";"37,81";"37,81";"37,81";"37,81"
"1521288000";"17.03.2018 14:00";"37,57";"37,57";"37,57";"37,57"
"1521291600";"17.03.2018 15:00";"37,22";"37,22";"37,22";"37,22"
"1521295200";"17.03.2018 16:00";"36,78";"36,78";"36,78";"36,78"
"1521298800";"17.03.2018 17:00";"36,83";"36,83";"36,83";"36,83"
"1521302400";"17.03.2018 18:00";"37,93";"37,93";"37,93";"37,93"
"1521306000";"17.03.2018 19:00";"39,47";"39,47";"39,47";"39,47"
"1521309600";"17.03.2018 20:00";"38,95";"38,95";"38,95";"38,95"
"1521313200";"17.03.2018 21:00";"37,78";"37,78";"37,78";"37,78"
"1521316800";"17.03.2018 22:00";"37,5";"37,5";"37,5";"37,5"
"1521320400";"17.03.2018 23:00";"37,63";"37,63";"37,63";"37,63"
"1521324000";"18.03.2018 00:00";"37,28";"37,28";"37,28";"37,28"
"1521327600";"18.03.2018 01:00";"37,75";"37,75";"37,75";"37,75"
"1521331200";"18.03.2018 02:00";"37,44";"37,44";"37,44";"37,44"
"1521334800";"18.03.2018 03:00";"37,31";"37,31";"37,31";"37,31"
"1521338400";"18.03.2018 04:00";"37,37";"37,37";"37,37";"37,37"
"1521342000";"18.03.2018 05:00";"37,36";"37,36";"37,36";"37,36"
"1521345600";"18.03.2018 06:00";"37,14";"37,14";"37,14";"37,14"
"1521349200";"18.03.2018 07:00";"35,88";"35,88";"35,88";"35,88"
"1521352800";"18.03.2018 08:00";"36,56";"36,56";"36,56";"36,56"
"1521356400";"18.03.2018 09:00";"37,03";"37,03";"37,03";"37,03"
"1521360000";"18.03.2018 10:00";"37,74";"37,74";"37,74";"37,74"
"1521363600";"18.03.2018 11:00";"37,39";"37,39";"37,39";"37,39"
"1521367200";"18.03.2018 12:00";"36,98";"36,98";"36,98";"36,98"
"1521370800";"18.03.2018 13:00";"36,27";"36,27";"36,27";"36,27"
"1521374400";"18.03.2018 14:00";"35,64";"35,64";"35,64";"35,64"
"1521378000";"18.03.2018 15:00";"35,31";"35,31";"35,31";"35,31"
"1521381600";"18.03.2018 16:00";"35,16";"35,16";"35,16";"35,16"
"1521385200";"18.03.2018 17:00";"36,28";"36,28";"36,28";"36,28"
"1521388800";"18.03.2018 18:00";"37,49";"37,49";"37,49";"37,49"
"1521392400";"18.03.2018 19:00";"40,38";"40,38";"40,38";"40,38"
"1521396000";"18.03.2018 20:00";"41,06";"41,06";"41,06";"41,06"
"1521399600";"18.03.2018 21:00";"39,78";"39,78";"39,78";"39,78"
"1521403200";"18.03.2018 22:00";"38,06";"38,06";"38,06";"38,06"
"1521406800";"18.03.2018 23:00";"38,06";"38,06";"38,06";"38,06"
"1521410400";"19.03.2018 00:00";"36,88";"36,88";"36,88";"36,88"
"1521414000";"19.03.2018 01:00";"34,1";"34,1";"34,1";"34,1"
"1521417600";"19.03.2018 02:00";"33,05";"33,05";"33,05";"33,05"
"1521421200";"19.03.2018 03:00";"33,35";"33,35";"33,35";"33,35"
"1521424800";"19.03.2018 04:00";"34,27";"34,27";"34,27";"34,27"
"1521428400";"19.03.2018 05:00";"36,42";"36,42";"36,42";"36,42"
"1521432000";"19.03.2018 06:00";"39,47";"39,47";"39,47";"39,47"
"1521435600";"19.03.2018 07:00";"43,62";"43,62";"43,62";"43,62"
"1521439200";"19.03.2018 08:00";"52,21";"52,21";"52,21";"52,21"
"1521442800";"19.03.2018 09:00";"60,09";"60,09";"60,09";"60,09"
"1521446400";"19.03.2018 10:00";"52,13";"52,13";"52,13";"52,13"
"1521450000";"19.03.2018 11:00";"47,91";"47,91";"47,91";"47,91"
"1521453600";"19.03.2018 12:00";"45,72";"45,72";"45,72";"45,72"
"1521457200";"19.03.2018 13:00";"45,91";"45,91";"43,2";"43,2"
"1521460800";"19.03.2018 14:00";"42,24";"42,24";"42,24";"42,24"
"1521464400";"19.03.2018 15:00";"41,49";"41,49";"41,49";"41,49"
"1521468000";"19.03.2018 16:00";"41,12";"41,12";"41,12";"41,12"
"1521471600";"19.03.2018 17:00";"41,17";"41,17";"41,17";"41,17"
"1521475200";"19.03.2018 18:00";"42,32";"42,32";"42,32";"42,32"
"1521478800";"19.03.2018 19:00";"47";"47";"44,79";"44,79"
"1521482400";"19.03.2018 20:00";"41,98";"41,98";"41,98";"41,98"
"1521486000";"19.03.2018 21:00";"40,75";"40,75";"40,75";"40,75"
"1521489600";"19.03.2018 22:00";"40";"40";"40";"40"
"1521493200";"19.03.2018 23:00";"39,52";"39,52";"39,52";"39,52"
"1521496800";"20.03.2018 00:00";"37,36";"37,36";"37,36";"37,36"
"1521500400";"20.03.2018 01:00";"38,02";"38,02";"38,02";"38,02"
"1521504000";"20.03.2018 02:00";"37,28";"37,28";"37,28";"37,28"
"1521507600";"20.03.2018 03:00";"37,06";"37,06";"37,06";"37,06"
"1521511200";"20.03.2018 04:00";"36,59";"36,59";"36,59";"36,59"
"1521514800";"20.03.2018 05:00";"36,59";"36,59";"36,59";"36,59"
"1521518400";"20.03.2018 06:00";"38,53";"38,53";"38,53";"38,53"
"1521522000";"20.03.2018 07:00";"41,71";"41,71";"41,71";"41,71"
"1521525600";"20.03.2018 08:00";"49,95";"49,95";"49,95";"49,95"
"1521529200";"20.03.2018 09:00";"50,02";"50,02";"49,85";"49,85"
"1521532800";"20.03.2018 10:00";"50,06";"50,06";"43,42";"43,42"
"1521536400";"20.03.2018 11:00";"50,05";"50,05";"43,15";"43,15"
"1521540000";"20.03.2018 12:00";"50,01";"50,01";"42,56";"42,56"
"1521543600";"20.03.2018 13:00";"50,02";"50,02";"42,09";"42,09"
"1521547200";"20.03.2018 14:00";"47,09";"47,09";"41,72";"41,72"
"1521550800";"20.03.2018 15:00";"46,03";"46,03";"41,4";"41,4"
"1521554400";"20.03.2018 16:00";"41,22";"41,22";"41,22";"41,22"
"1521558000";"20.03.2018 17:00";"41,29";"41,29";"41,29";"41,29"
"1521561600";"20.03.2018 18:00";"45,99";"45,99";"45,99";"45,99"
"1521565200";"20.03.2018 19:00";"56,92";"56,92";"56,92";"56,92"
"1521568800";"20.03.2018 20:00";"63,36";"63,36";"63,36";"63,36"
"1521572400";"20.03.2018 21:00";"50,06";"50,06";"49,91";"49,91"
"1521576000";"20.03.2018 22:00";"45,96";"45,96";"45,96";"45,96"
"1521579600";"20.03.2018 23:00";"41,86";"41,86";"41,86";"41,86"
"1521583200";"21.03.2018 00:00";"39,6";"39,6";"39,6";"39,6"
"1521586800";"21.03.2018 01:00";"39,46";"39,46";"39,46";"39,46"
"1521590400";"21.03.2018 02:00";"39,34";"39,34";"39,34";"39,34"
"1521594000";"21.03.2018 03:00";"39,25";"39,25";"39,25";"39,25"
"1521597600";"21.03.2018 04:00";"38,99";"38,99";"38,99";"38,99"
"1521601200";"21.03.2018 05:00";"39,35";"39,35";"39,35";"39,35"
"1521604800";"21.03.2018 06:00";"40,39";"40,39";"40,39";"40,39"
"1521608400";"21.03.2018 07:00";"42,68";"42,68";"42,68";"42,68"
"1521612000";"21.03.2018 08:00";"52,03";"52,03";"50,04";"50,04"
"1521615600";"21.03.2018 09:00";"62,37";"62,37";"50,42";"50,42"
"1521619200";"21.03.2018 10:00";"57,42";"57,42";"47,76";"47,76"
"1521622800";"21.03.2018 11:00";"54,02";"54,02";"44,93";"44,93"
"1521626400";"21.03.2018 12:00";"47,01";"47,01";"42,4";"42,4"
"1521630000";"21.03.2018 13:00";"47,05";"47,05";"41,98";"41,98"
"1521633600";"21.03.2018 14:00";"47,01";"47,01";"41,25";"41,25"
"1521637200";"21.03.2018 15:00";"47,07";"47,07";"41,1";"41,1"
"1521640800";"21.03.2018 16:00";"47,02";"47,02";"41,25";"41,25"
"1521644400";"21.03.2018 17:00";"46,07";"46,07";"41,34";"41,34"
"1521648000";"21.03.2018 18:00";"46,08";"46,08";"42,66";"42,66"
"1521651600";"21.03.2018 19:00";"47,06";"47,06";"45,9";"45,9"
"1521655200";"21.03.2018 20:00";"43,48";"43,48";"43,48";"43,48"
"1521658800";"21.03.2018 21:00";"41,84";"41,84";"41,84";"41,84"
"1521662400";"21.03.2018 22:00";"41,26";"41,26";"41,26";"41,26"
"1521666000";"21.03.2018 23:00";"38,98";"38,98";"38,98";"38,98"
"1521669600";"22.03.2018 00:00";"36,9";"36,9";"37,06";"36,9"
"1521673200";"22.03.2018 01:00";"36,32";"36,32";"36,32";"36,32"
"1521676800";"22.03.2018 02:00";"35,59";"35,59";"35,59";"35,59"
"1521680400";"22.03.2018 03:00";"35,78";"35,78";"35,78";"35,78"
"1521684000";"22.03.2018 04:00";"36,06";"36,06";"36,06";"36,06"
"1521687600";"22.03.2018 05:00";"37,9";"37,9";"37,9";"37,9"
"1521691200";"22.03.2018 06:00";"38,59";"38,59";"38,59";"38,59"
"1521694800";"22.03.2018 07:00";"39,8";"39,8";"39,8";"39,8"
"1521698400";"22.03.2018 08:00";"45,51";"45,51";"42,45";"42,45"
"1521702000";"22.03.2018 09:00";"47,09";"47,09";"43,2";"43,2"
"1521705600";"22.03.2018 10:00";"47,09";"47,09";"42,32";"42,32"
"1521709200";"22.03.2018 11:00";"47,07";"47,07";"41,75";"41,75"
"1521712800";"22.03.2018 12:00";"46,05";"46,05";"41,25";"41,25"
"1521716400";"22.03.2018 13:00";"46,07";"46,07";"40,87";"40,87"
"1521720000";"22.03.2018 14:00";"40,62";"40,62";"40,62";"40,62"
"1521723600";"22.03.2018 15:00";"41,22";"41,22";"41,22";"41,22"
"1521727200";"22.03.2018 16:00";"42,99";"42,99";"42,33";"42,33"
"1521730800";"22.03.2018 17:00";"42,33";"42,33";"42,33";"42,33"
"1521734400";"22.03.2018 18:00";"52";"52";"43,74";"43,74"
"1521738000";"22.03.2018 19:00";"70,26";"70,26";"48,95";"48,95"
"1521741600";"22.03.2018 20:00";"52,05";"52,05";"45,13";"45,13"
"1521745200";"22.03.2018 21:00";"48,04";"48,04";"43,5";"43,5"
"1521748800";"22.03.2018 22:00";"43,27";"43,27";"43,27";"43,27"
"1521752400";"22.03.2018 23:00";"42";"42";"42";"42"
"1521756000";"23.03.2018 00:00";"41,43";"41,43";"41,43";"41,43"
"1521759600";"23.03.2018 01:00";"41,39";"41,39";"41,39";"41,39"
"1521763200";"23.03.2018 02:00";"41,12";"41,12";"41,12";"41,12"
"1521766800";"23.03.2018 03:00";"38,56";"38,56";"40,95";"38,56"
"1521770400";"23.03.2018 04:00";"40,49";"40,49";"40,49";"40,49"
"1521774000";"23.03.2018 05:00";"40,55";"40,55";"40,55";"40,55"
"1521777600";"23.03.2018 06:00";"42,78";"42,78";"42,78";"42,78"
"1521781200";"23.03.2018 07:00";"52,05";"52,05";"52,05";"52,05"
"1521784800";"23.03.2018 08:00";"65,62";"65,62";"65,62";"65,62"
"1521788400";"23.03.2018 09:00";"70,42";"70,42";"70,42";"70,42"
"1521792000";"23.03.2018 10:00";"65,72";"65,72";"65,72";"65,72"
"1521795600";"23.03.2018 11:00";"60,4";"60,4";"60,4";"60,4"
"1521799200";"23.03.2018 12:00";"56,72";"56,72";"56,72";"56,72"
"1521802800";"23.03.2018 13:00";"48,06";"48,06";"48,06";"48,06"
"1521806400";"23.03.2018 14:00";"52";"52";"44,12";"44,12"
"1521810000";"23.03.2018 15:00";"48,06";"48,06";"42,95";"42,95"
"1521813600";"23.03.2018 16:00";"48";"48";"42,49";"42,49"
"1521817200";"23.03.2018 17:00";"47,06";"47,06";"44,1";"44,1"
"1521820800";"23.03.2018 18:00";"48,01";"48,01";"44,13";"44,13"
"1521824400";"23.03.2018 19:00";"52,05";"52,05";"48,13";"48,13"
"1521828000";"23.03.2018 20:00";"52,03";"52,03";"43,67";"43,67"
"1521831600";"23.03.2018 21:00";"41,9";"41,9";"41,9";"41,9"
"1521835200";"23.03.2018 22:00";"41,19";"41,19";"41,19";"41,19"
"1521838800";"23.03.2018 23:00";"40,48";"40,48";"40,48";"40,48"
"1521842400";"24.03.2018 00:00";"39,61";"39,61";"39,61";"39,61"
"1521846000";"24.03.2018 01:00";"40,24";"40,24";"40,24";"40,24"
"1521849600";"24.03.2018 02:00";"39,05";"39,05";"39,05";"39,05"
"1521853200";"24.03.2018 03:00";"38,05";"38,05";"38,05";"38,05"
"1521856800";"24.03.2018 04:00";"37,48";"37,48";"37,48";"37,48"
"1521860400";"24.03.2018 05:00";"38,14";"38,14";"38,14";"38,14"
"1521864000";"24.03.2018 06:00";"38,35";"38,35";"38,35";"38,35"
"1521867600";"24.03.2018 07:00";"38,86";"38,86";"38,86";"38,86"
"1521871200";"24.03.2018 08:00";"40,18";"40,18";"40,18";"40,18"
"1521874800";"24.03.2018 09:00";"41,58";"41,58";"41,58";"41,58"
"1521878400";"24.03.2018 10:00";"41,5";"41,5";"41,5";"41,5"
"1521882000";"24.03.2018 11:00";"40,67";"40,67";"40,67";"40,67"
"1521885600";"24.03.2018 12:00";"40,15";"40,15";"40,15";"40,15"
"1521889200";"24.03.2018 13:00";"39,72";"39,72";"39,72";"39,72"
"1521892800";"24.03.2018 14:00";"39,23";"39,23";"39,23";"39,23"
"1521896400";"24.03.2018 15:00";"39,22";"39,22";"39,22";"39,22"
"1521900000";"24.03.2018 16:00";"39,43";"39,43";"39,43";"39,43"
"1521903600";"24.03.2018 17:00";"40,55";"40,55";"40,55";"40,55"
"1521907200";"24.03.2018 18:00";"42,42";"42,42";"42,42";"42,42"
"1521910800";"24.03.2018 19:00";"44,13";"44,13";"44,13";"44,13"
"1521914400";"24.03.2018 20:00";"43,8";"43,8";"43,8";"43,8"
"1521918000";"24.03.2018 21:00";"42,33";"42,33";"42,33";"42,33"
"1521921600";"24.03.2018 22:00";"41,94";"41,94";"41,94";"41,94"
"1521925200";"24.03.2018 23:00";"40,29";"40,29";"40,29";"40,29"
"1521928800";"25.03.2018 00:00";"38,07";"38,07";"38,07";"38,07"
"1521932400";"25.03.2018 01:00";"38,52";"38,52";"38,52";"38,52"
"1521936000";"25.03.2018 02:00";"0";"0";"0";"0"
"1521939600";"25.03.2018 04:00";"37,85";"37,85";"37,85";"37,85"
"1521943200";"25.03.2018 05:00";"37,28";"37,28";"37,28";"37,28"
"1521946800";"25.03.2018 06:00";"37,51";"37,51";"37,51";"37,51"
"1521950400";"25.03.2018 07:00";"37,99";"37,99";"37,99";"37,99"
"1521954000";"25.03.2018 08:00";"38,67";"38,67";"38,67";"38,67"
"1521957600";"25.03.2018 09:00";"39,64";"39,64";"39,64";"39,64"
"1521961200";"25.03.2018 10:00";"40,92";"40,92";"40,92";"40,92"
"1521964800";"25.03.2018 11:00";"41,02";"41,02";"41,02";"41,02"
"1521968400";"25.03.2018 12:00";"40,82";"40,82";"40,82";"40,82"
"1521972000";"25.03.2018 13:00";"40,28";"40,28";"40,28";"40,28"
"1521975600";"25.03.2018 14:00";"39,66";"39,66";"39,66";"39,66"
"1521979200";"25.03.2018 15:00";"39,11";"39,11";"39,11";"39,11"
"1521982800";"25.03.2018 16:00";"38,62";"38,62";"38,62";"38,62"
"1521986400";"25.03.2018 17:00";"38,25";"38,25";"38,25";"38,25"
"1521990000";"25.03.2018 18:00";"38,96";"38,96";"38,96";"38,96"
"1521993600";"25.03.2018 19:00";"40,92";"40,92";"40,92";"40,92"
"1521997200";"25.03.2018 20:00";"43,51";"43,51";"43,51";"43,51"
"1522000800";"25.03.2018 21:00";"43,07";"43,07";"43,07";"43,07"
"1522004400";"25.03.2018 22:00";"42";"42";"42";"42"
"1522008000";"25.03.2018 23:00";"41,11";"41,11";"41,11";"41,11"
"1522011600";"26.03.2018 00:00";"39,54";"39,54";"39,54";"39,54"
"1522015200";"26.03.2018 01:00";"40,36";"40,36";"40,36";"40,36"
"1522018800";"26.03.2018 02:00";"39,53";"39,53";"39,53";"39,53"
"1522022400";"26.03.2018 03:00";"38,92";"38,92";"38,92";"38,92"
"1522026000";"26.03.2018 04:00";"38,01";"38,01";"38,01";"38,01"
"1522029600";"26.03.2018 05:00";"39,34";"39,34";"39,34";"39,34"
"1522033200";"26.03.2018 06:00";"41,65";"41,65";"41,65";"41,65"
"1522036800";"26.03.2018 07:00";"45,89";"45,89";"45,89";"45,89"
"1522040400";"26.03.2018 08:00";"51,6";"51,6";"51,6";"51,6"
"1522044000";"26.03.2018 09:00";"63,81";"63,81";"63,81";"63,81"
"1522047600";"26.03.2018 10:00";"67,59";"67,59";"67,59";"67,59"
"1522051200";"26.03.2018 11:00";"57,93";"57,93";"57,93";"57,93"
"1522054800";"26.03.2018 12:00";"54,88";"54,88";"54,88";"54,88"
"1522058400";"26.03.2018 13:00";"52,29";"52,29";"51,97";"51,97"
"1522062000";"26.03.2018 14:00";"50,54";"50,54";"50,54";"50,54"
"1522065600";"26.03.2018 15:00";"48,05";"48,05";"47,92";"47,92"
"1522069200";"26.03.2018 16:00";"48,02";"48,02";"45,34";"45,34"
"1522072800";"26.03.2018 17:00";"46,45";"46,45";"44,03";"44,03"
"1522076400";"26.03.2018 18:00";"45,09";"45,09";"45,09";"45,09"
"1522080000";"26.03.2018 19:00";"49,55";"49,55";"49,55";"49,55"
"1522083600";"26.03.2018 20:00";"53,48";"53,48";"53,48";"53,48"
"1522087200";"26.03.2018 21:00";"48,06";"48,06";"48,06";"48,06"
"1522090800";"26.03.2018 22:00";"45,34";"45,34";"45,34";"45,34"
"1522094400";"26.03.2018 23:00";"43,64";"43,64";"43,64";"43,64"
"1522098000";"27.03.2018 00:00";"42,1";"42,1";"42,1";"42,1"
"1522101600";"27.03.2018 01:00";"42,4";"42,4";"42,4";"42,4"
"1522105200";"27.03.2018 02:00";"40,15";"40,15";"40,15";"40,15"
"1522108800";"27.03.2018 03:00";"39,75";"39,75";"39,75";"39,75"
"1522112400";"27.03.2018 04:00";"39,53";"39,53";"39,53";"39,53"
"1522116000";"27.03.2018 05:00";"39,86";"39,86";"39,86";"39,86"
"1522119600";"27.03.2018 06:00";"41,83";"41,83";"41,83";"41,83"
"1522123200";"27.03.2018 07:00";"45,62";"45,62";"45,62";"45,62"
"1522126800";"27.03.2018 08:00";"54,92";"54,92";"54,92";"54,92"
"1522130400";"27.03.2018 09:00";"67,48";"67,48";"67,48";"67,48"
"1522134000";"27.03.2018 10:00";"60,69";"60,69";"60,69";"60,69"
"1522137600";"27.03.2018 11:00";"55,98";"55,98";"55,98";"55,98"
"1522141200";"27.03.2018 12:00";"52,38";"52,38";"52,38";"52,38"
"1522144800";"27.03.2018 13:00";"47,53";"47,53";"47,53";"47,53"
"1522148400";"27.03.2018 14:00";"46,05";"46,05";"44,96";"44,96"
"1522152000";"27.03.2018 15:00";"46,05";"46,05";"44,18";"44,18"
"1522155600";"27.03.2018 16:00";"43,99";"43,99";"43,99";"43,99"
"1522159200";"27.03.2018 17:00";"43,86";"43,86";"43,86";"43,86"
"1522162800";"27.03.2018 18:00";"44,41";"44,41";"44,41";"44,41"
"1522166400";"27.03.2018 19:00";"47,02";"47,02";"47,02";"47,02"
"1522170000";"27.03.2018 20:00";"51,59";"51,59";"47,27";"47,27"
"1522173600";"27.03.2018 21:00";"46,06";"46,06";"44,24";"44,24"
"1522177200";"27.03.2018 22:00";"45,52";"45,52";"42,8";"42,8"
"1522180800";"27.03.2018 23:00";"41,1";"41,1";"41,1";"41,1"
"1522184400";"28.03.2018 00:00";"39,79";"39,79";"39,79";"39,79"
"1522188000";"28.03.2018 01:00";"41,46";"41,46";"41,46";"41,46"
"1522191600";"28.03.2018 02:00";"41,47";"41,47";"41,47";"41,47"
"1522195200";"28.03.2018 03:00";"41,38";"41,38";"41,38";"41,38"
"1522198800";"28.03.2018 04:00";"41,61";"41,61";"41,61";"41,61"
"1522202400";"28.03.2018 05:00";"41,68";"41,68";"41,68";"41,68"
"1522206000";"28.03.2018 06:00";"43,48";"43,48";"43,48";"43,48"
"1522209600";"28.03.2018 07:00";"45,61";"45,61";"45,61";"45,61"
"1522213200";"28.03.2018 08:00";"53,95";"53,95";"53,95";"53,95"
"1522216800";"28.03.2018 09:00";"67,33";"67,33";"67,33";"67,33"
"1522220400";"28.03.2018 10:00";"59,84";"59,84";"59,84";"59,84"
"1522224000";"28.03.2018 11:00";"56,13";"56,13";"56,13";"56,13"
"1522227600";"28.03.2018 12:00";"55,59";"55,59";"55,59";"55,59"
"1522231200";"28.03.2018 13:00";"53,43";"53,43";"50,85";"50,85"
"1522234800";"28.03.2018 14:00";"52,81";"52,81";"47,02";"47,02"
"1522238400";"28.03.2018 15:00";"47,09";"47,09";"45,91";"45,91"
"1522242000";"28.03.2018 16:00";"47,09";"47,09";"44,26";"44,26"
"1522245600";"28.03.2018 17:00";"47,01";"47,01";"44,3";"44,3"
"1522249200";"28.03.2018 18:00";"46,88";"46,88";"44,37";"44,37"
"1522252800";"28.03.2018 19:00";"47";"47";"47";"47"
"1522256400";"28.03.2018 20:00";"47,02";"47,02";"47,02";"47,02"
"1522260000";"28.03.2018 21:00";"45,56";"45,56";"45,56";"45,56"
"1522263600";"28.03.2018 22:00";"43,35";"43,35";"43,35";"43,35"
"1522267200";"28.03.2018 23:00";"40,81";"40,81";"40,81";"40,81"
"1522270800";"29.03.2018 00:00";"39,46";"39,46";"39,46";"39,46"
"1522274400";"29.03.2018 01:00";"39,29";"39,29";"39,29";"39,29"
"1522278000";"29.03.2018 02:00";"38,98";"38,98";"38,98";"38,98"
"1522281600";"29.03.2018 03:00";"38,41";"38,41";"38,41";"38,41"
"1522285200";"29.03.2018 04:00";"38,91";"38,91";"38,91";"38,91"
"1522288800";"29.03.2018 05:00";"39,12";"39,12";"39,12";"39,12"
"1522292400";"29.03.2018 06:00";"39,58";"39,58";"39,58";"39,58"
"1522296000";"29.03.2018 07:00";"39,8";"39,8";"39,8";"39,8"
"1522299600";"29.03.2018 08:00";"43,04";"43,04";"43,04";"43,04"
"1522303200";"29.03.2018 09:00";"44,81";"44,81";"44,81";"44,81"
"1522306800";"29.03.2018 10:00";"43,99";"43,99";"43,99";"43,99"
"1522310400";"29.03.2018 11:00";"41,9";"41,9";"41,9";"41,9"
"1522314000";"29.03.2018 12:00";"40,93";"40,93";"40,93";"40,93"
"1522317600";"29.03.2018 13:00";"44,01";"44,01";"40,52";"40,52"
"1522321200";"29.03.2018 14:00";"39,92";"39,92";"39,92";"39,92"
"1522324800";"29.03.2018 15:00";"44";"44";"39,56";"39,56"
"1522328400";"29.03.2018 16:00";"39,63";"39,63";"39,63";"39,63"
"1522332000";"29.03.2018 17:00";"39,85";"39,85";"39,85";"39,85"
"1522335600";"29.03.2018 18:00";"41,34";"41,34";"41,34";"41,34"
"1522339200";"29.03.2018 19:00";"42,12";"42,12";"42,12";"42,12"
"1522342800";"29.03.2018 20:00";"43,61";"43,61";"43,61";"43,61"
"1522346400";"29.03.2018 21:00";"42,63";"42,63";"42,63";"42,63"
"1522350000";"29.03.2018 22:00";"42,48";"42,48";"42,48";"42,48"
"1522353600";"29.03.2018 23:00";"42,09";"42,09";"42,08";"42,09"
"1522357200";"30.03.2018 00:00";"40,87";"40,87";"40,87";"40,87"
"1522360800";"30.03.2018 01:00";"39,92";"39,92";"39,92";"39,92"
"1522364400";"30.03.2018 02:00";"39,49";"39,49";"39,49";"39,49"
"1522368000";"30.03.2018 03:00";"39,17";"39,17";"39,17";"39,17"
"1522371600";"30.03.2018 04:00";"39,23";"39,23";"39,23";"39,23"
"1522375200";"30.03.2018 05:00";"39,34";"39,34";"39,34";"39,34"
"1522378800";"30.03.2018 06:00";"39,88";"39,88";"39,88";"39,88"
"1522382400";"30.03.2018 07:00";"39,96";"39,96";"39,96";"39,96"
"1522386000";"30.03.2018 08:00";"41,48";"41,48";"41,48";"41,48"
"1522389600";"30.03.2018 09:00";"43,53";"43,53";"43,53";"43,53"
"1522393200";"30.03.2018 10:00";"43,17";"43,17";"43,17";"43,17"
"1522396800";"30.03.2018 11:00";"42,59";"42,59";"42,59";"42,59"
"1522400400";"30.03.2018 12:00";"41,71";"41,71";"41,71";"41,71"
"1522404000";"30.03.2018 13:00";"40,92";"40,92";"40,92";"40,92"
"1522407600";"30.03.2018 14:00";"40,33";"40,33";"40,33";"40,33"
"1522411200";"30.03.2018 15:00";"40,16";"40,16";"40,16";"40,16"
"1522414800";"30.03.2018 16:00";"40,11";"40,11";"40,11";"40,11"
"1522418400";"30.03.2018 17:00";"40,33";"40,33";"40,33";"40,33"
"1522422000";"30.03.2018 18:00";"41,04";"41,04";"41,04";"41,04"
"1522425600";"30.03.2018 19:00";"41,82";"41,82";"41,82";"41,82"
"1522429200";"30.03.2018 20:00";"42,71";"42,71";"42,71";"42,71"
"1522432800";"30.03.2018 21:00";"42,4";"42,4";"42,4";"42,4"
"1522436400";"30.03.2018 22:00";"42,23";"42,23";"42,23";"42,23"
"1522440000";"30.03.2018 23:00";"40,87";"40,87";"40,87";"40,87"
"1522443600";"31.03.2018 00:00";"39,5";"39,5";"39,5";"39,5"
"1522447200";"31.03.2018 01:00";"39,98";"39,98";"39,98";"39,98"
"1522450800";"31.03.2018 02:00";"40,07";"40,07";"40,07";"40,07"
"1522454400";"31.03.2018 03:00";"39,94";"39,94";"39,94";"39,94"
"1522458000";"31.03.2018 04:00";"40";"40";"40";"40"
"1522461600";"31.03.2018 05:00";"40,1";"40,1";"40,1";"40,1"
"1522465200";"31.03.2018 06:00";"39,92";"39,92";"39,92";"39,92"
"1522468800";"31.03.2018 07:00";"39,68";"39,68";"39,68";"39,68"
"1522472400";"31.03.2018 08:00";"39,78";"39,78";"39,78";"39,78"
"1522476000";"31.03.2018 09:00";"40,52";"40,52";"40,52";"40,52"
"1522479600";"31.03.2018 10:00";"40,74";"40,74";"40,74";"40,74"
"1522483200";"31.03.2018 11:00";"40,65";"40,65";"40,65";"40,65"
"1522486800";"31.03.2018 12:00";"40,2";"40,2";"40,2";"40,2"
"1522490400";"31.03.2018 13:00";"40";"40";"40";"40"
"1522494000";"31.03.2018 14:00";"39,77";"39,77";"39,77";"39,77"
"1522497600";"31.03.2018 15:00";"39,45";"39,45";"39,45";"39,45"
"1522501200";"31.03.2018 16:00";"39,27";"39,27";"39,27";"39,27"
"1522504800";"31.03.2018 17:00";"39,14";"39,14";"39,14";"39,14"
"1522508400";"31.03.2018 18:00";"39,34";"39,34";"39,34";"39,34"
"1522512000";"31.03.2018 19:00";"40,05";"40,05";"40,05";"40,05"
"1522515600";"31.03.2018 20:00";"40,72";"40,72";"40,72";"40,72"
"1522519200";"31.03.2018 21:00";"40,74";"40,74";"40,74";"40,74"
"1522522800";"31.03.2018 22:00";"40,24";"40,24";"40,24";"40,24"
"1522526400";"31.03.2018 23:00";"39,98";"39,98";"39,98";"39,98"
"1522530000";"01.04.2018 00:00";"39,56";"39,56";"39,56";"39,56"
"1522533600";"01.04.2018 01:00";"39,8";"39,8";"39,8";"39,8"
"1522537200";"01.04.2018 02:00";"39,57";"39,57";"39,57";"39,57"
"1522540800";"01.04.2018 03:00";"39,45";"39,45";"39,45";"39,45"
"1522544400";"01.04.2018 04:00";"39,43";"39,43";"39,43";"39,43"
"1522548000";"01.04.2018 05:00";"39,53";"39,53";"39,53";"39,53"
"1522551600";"01.04.2018 06:00";"39,33";"39,33";"39,33";"39,33"
"1522555200";"01.04.2018 07:00";"39,51";"39,51";"39,51";"39,51"
"1522558800";"01.04.2018 08:00";"39,39";"39,39";"39,39";"39,39"
"1522562400";"01.04.2018 09:00";"39,62";"39,62";"39,62";"39,62"
"1522566000";"01.04.2018 10:00";"39,61";"39,61";"39,61";"39,61"
"1522569600";"01.04.2018 11:00";"39,52";"39,52";"39,52";"39,52"
"1522573200";"01.04.2018 12:00";"39,17";"39,17";"39,17";"39,17"
"1522576800";"01.04.2018 13:00";"38,86";"38,86";"38,86";"38,86"
"1522580400";"01.04.2018 14:00";"38,48";"38,48";"38,48";"38,48"
"1522584000";"01.04.2018 15:00";"38,15";"38,15";"38,15";"38,15"
"1522587600";"01.04.2018 16:00";"38,03";"38,03";"38,03";"38,03"
"1522591200";"01.04.2018 17:00";"38,13";"38,13";"38,13";"38,13"
"1522594800";"01.04.2018 18:00";"38,59";"38,59";"38,59";"38,59"
"1522598400";"01.04.2018 19:00";"39,22";"39,22";"39,22";"39,22"
"1522602000";"01.04.2018 20:00";"39,64";"39,64";"39,64";"39,64"
"1522605600";"01.04.2018 21:00";"40";"40";"40";"40"
"1522609200";"01.04.2018 22:00";"39,89";"39,89";"39,89";"39,89"
"1522612800";"01.04.2018 23:00";"39,81";"39,81";"39,81";"39,81"
"1522616400";"02.04.2018 00:00";"39,22";"39,22";"39,22";"39,22"
"1522620000";"02.04.2018 01:00";"38,58";"38,58";"38,58";"38,58"
"1522623600";"02.04.2018 02:00";"37,97";"37,97";"37,97";"37,97"
"1522627200";"02.04.2018 03:00";"37,14";"37,14";"37,14";"37,14"
"1522630800";"02.04.2018 04:00";"37,06";"37,06";"37,06";"37,06"
"1522634400";"02.04.2018 05:00";"37,72";"37,72";"37,72";"37,72"
"1522638000";"02.04.2018 06:00";"39,12";"39,12";"39,12";"39,12"
"1522641600";"02.04.2018 07:00";"39,96";"39,96";"39,96";"39,96"
"1522645200";"02.04.2018 08:00";"39,62";"39,62";"39,62";"39,62"
"1522648800";"02.04.2018 09:00";"40,33";"40,33";"40,33";"40,33"
"1522652400";"02.04.2018 10:00";"40,56";"40,56";"40,56";"40,56"
"1522656000";"02.04.2018 11:00";"40,63";"40,63";"40,63";"40,63"
"1522659600";"02.04.2018 12:00";"40,32";"40,32";"40,32";"40,32"
"1522663200";"02.04.2018 13:00";"39,91";"39,91";"39,91";"39,91"
"1522666800";"02.04.2018 14:00";"39,52";"39,52";"39,52";"39,52"
"1522670400";"02.04.2018 15:00";"38,79";"38,79";"38,79";"38,79"
"1522674000";"02.04.2018 16:00";"38,62";"38,62";"38,62";"38,62"
"1522677600";"02.04.2018 17:00";"39,08";"39,08";"39,08";"39,08"
"1522681200";"02.04.2018 18:00";"39,53";"39,53";"39,53";"39,53"
"1522684800";"02.04.2018 19:00";"40,11";"40,11";"40,11";"40,11"
"1522688400";"02.04.2018 20:00";"40,88";"40,88";"40,88";"40,88"
"1522692000";"02.04.2018 21:00";"41,09";"41,09";"41,09";"41,09"
"1522695600";"02.04.2018 22:00";"40,92";"40,92";"40,92";"40,92"
"1522699200";"02.04.2018 23:00";"39,96";"39,96";"39,96";"39,96"
"1522702800";"03.04.2018 00:00";"39,22";"39,22";"39,22";"39,22"
"1522706400";"03.04.2018 01:00";"40,07";"40,07";"40,07";"40,07"
"1522710000";"03.04.2018 02:00";"39,33";"39,33";"39,33";"39,33"
"1522713600";"03.04.2018 03:00";"39,01";"39,01";"39,01";"39,01"
"1522717200";"03.04.2018 04:00";"39,04";"39,04";"39,04";"39,04"
"1522720800";"03.04.2018 05:00";"39,31";"39,31";"39,31";"39,31"
"1522724400";"03.04.2018 06:00";"40,52";"40,52";"40,52";"40,52"
"1522728000";"03.04.2018 07:00";"42,72";"42,72";"42,72";"42,72"
"1522731600";"03.04.2018 08:00";"46,18";"46,18";"46,18";"46,18"
"1522735200";"03.04.2018 09:00";"50,46";"50,46";"50,46";"50,46"
"1522738800";"03.04.2018 10:00";"51,14";"51,14";"49,83";"49,83"
"1522742400";"03.04.2018 11:00";"52,29";"52,29";"49,64";"49,64"
"1522746000";"03.04.2018 12:00";"52,36";"52,36";"45,68";"45,68"
"1522749600";"03.04.2018 13:00";"52,95";"52,95";"45,02";"45,02"
"1522753200";"03.04.2018 14:00";"52,19";"52,19";"44,74";"44,74"
"1522756800";"03.04.2018 15:00";"46,01";"46,01";"43,96";"43,96"
"1522760400";"03.04.2018 16:00";"43,28";"43,28";"43,28";"43,28"
"1522764000";"03.04.2018 17:00";"48,2";"48,2";"43,22";"43,22"
"1522767600";"03.04.2018 18:00";"47,06";"47,06";"44,49";"44,49"
"1522771200";"03.04.2018 19:00";"47,53";"47,53";"47,53";"47,53"
"1522774800";"03.04.2018 20:00";"50,19";"50,19";"49,95";"49,95"
"1522778400";"03.04.2018 21:00";"47,85";"47,85";"46,56";"46,56"
"1522782000";"03.04.2018 22:00";"46,08";"46,08";"42,87";"42,87"
"1522785600";"03.04.2018 23:00";"40,5";"40,5";"40,5";"40,5"
"1522789200";"04.04.2018 00:00";"39,13";"39,13";"39,13";"39,13"
"1522792800";"04.04.2018 01:00";"39,31";"39,31";"39,31";"39,31"
"1522796400";"04.04.2018 02:00";"38,51";"38,51";"38,51";"38,51"
"1522800000";"04.04.2018 03:00";"38,75";"38,75";"38,75";"38,75"
"1522803600";"04.04.2018 04:00";"38,94";"38,94";"38,94";"38,94"
"1522807200";"04.04.2018 05:00";"38,84";"38,84";"38,84";"38,84"
"1522810800";"04.04.2018 06:00";"40,08";"40,08";"40,08";"40,08"
"1522814400";"04.04.2018 07:00";"42,75";"42,75";"42,75";"42,75"
"1522818000";"04.04.2018 08:00";"48,73";"48,73";"48,73";"48,73"
"1522821600";"04.04.2018 09:00";"55,51";"55,51";"55,51";"55,51"
"1522825200";"04.04.2018 10:00";"53,06";"53,06";"53,06";"53,06"
"1522828800";"04.04.2018 11:00";"51,99";"51,99";"51,99";"51,99"
"1522832400";"04.04.2018 12:00";"47,04";"47,04";"47,04";"47,04"
"1522836000";"04.04.2018 13:00";"46,08";"46,08";"46,08";"46,08"
"1522839600";"04.04.2018 14:00";"46,01";"46,01";"44,46";"44,46"
"1522843200";"04.04.2018 15:00";"41,32";"41,32";"41,32";"41,32"
"1522846800";"04.04.2018 16:00";"41,03";"41,03";"41,03";"41,03"
"1522850400";"04.04.2018 17:00";"46";"46";"41,15";"41,15"
"1522854000";"04.04.2018 18:00";"46";"46";"41,49";"41,49"
"1522857600";"04.04.2018 19:00";"42,4";"42,4";"42,4";"42,4"
"1522861200";"04.04.2018 20:00";"46";"46";"42,79";"42,79"
"1522864800";"04.04.2018 21:00";"43,74";"43,74";"43,74";"43,74"
"1522868400";"04.04.2018 22:00";"42,54";"42,54";"42,54";"42,54"
"1522872000";"04.04.2018 23:00";"40,07";"40,07";"40,07";"40,07"
"1522875600";"05.04.2018 00:00";"37,95";"37,95";"37,95";"37,95"
"1522879200";"05.04.2018 01:00";"39,39";"39,39";"39,39";"39,39"
"1522882800";"05.04.2018 02:00";"38,88";"38,88";"38,88";"38,88"
"1522886400";"05.04.2018 03:00";"38,8";"38,8";"38,8";"38,8"
"1522890000";"05.04.2018 04:00";"39,09";"39,09";"39,09";"39,09"
"1522893600";"05.04.2018 05:00";"38,96";"38,96";"38,96";"38,96"
"1522897200";"05.04.2018 06:00";"40,23";"40,23";"40,23";"40,23"
"1522900800";"05.04.2018 07:00";"42,24";"42,24";"42,24";"42,24"
"1522904400";"05.04.2018 08:00";"47,64";"47,64";"47,64";"47,64"
"1522908000";"05.04.2018 09:00";"52,28";"52,28";"52,28";"52,28"
"1522911600";"05.04.2018 10:00";"52,73";"52,73";"51,98";"51,98"
"1522915200";"05.04.2018 11:00";"51,58";"51,58";"47,98";"47,98"
"1522918800";"05.04.2018 12:00";"47,09";"47,09";"46,53";"46,53"
"1522922400";"05.04.2018 13:00";"48";"48";"44,06";"44,06"
"1522926000";"05.04.2018 14:00";"47,06";"47,06";"43,28";"43,28"
"1522929600";"05.04.2018 15:00";"46,04";"46,04";"42,42";"42,42"
"1522933200";"05.04.2018 16:00";"42,29";"42,29";"42,29";"42,29"
"1522936800";"05.04.2018 17:00";"47,01";"47,01";"42,44";"42,44"
"1522940400";"05.04.2018 18:00";"48,01";"48,01";"42,5";"42,5"
"1522944000";"05.04.2018 19:00";"47,09";"47,09";"42,65";"42,65"
"1522947600";"05.04.2018 20:00";"51,38";"51,38";"42,71";"42,71"
"1522951200";"05.04.2018 21:00";"43,1";"43,1";"42,55";"42,55"
"1522954800";"05.04.2018 22:00";"41,2";"41,2";"41,2";"41,2"
"1522958400";"05.04.2018 23:00";"39,9";"39,9";"39,9";"39,9"
"1522962000";"06.04.2018 00:00";"36,87";"36,87";"36,87";"36,87"
"1522965600";"06.04.2018 01:00";"36,55";"36,55";"36,55";"36,55"
"1522969200";"06.04.2018 02:00";"35,05";"35,05";"35,05";"35,05"
"1522972800";"06.04.2018 03:00";"33,97";"33,97";"33,97";"33,97"
"1522976400";"06.04.2018 04:00";"33,45";"33,45";"33,45";"33,45"
"1522980000";"06.04.2018 05:00";"33,72";"33,72";"33,72";"33,72"
"1522983600";"06.04.2018 06:00";"39,04";"39,04";"39,04";"39,04"
"1522987200";"06.04.2018 07:00";"41,39";"41,39";"41,39";"41,39"
"1522990800";"06.04.2018 08:00";"45,64";"45,64";"45,64";"45,64"
"1522994400";"06.04.2018 09:00";"49,33";"49,33";"49,33";"49,33"
"1522998000";"06.04.2018 10:00";"43,98";"43,98";"43,98";"43,98"
"1523001600";"06.04.2018 11:00";"43,22";"43,22";"43,22";"43,22"
"1523005200";"06.04.2018 12:00";"42,66";"42,66";"42,66";"42,66"
"1523008800";"06.04.2018 13:00";"40,96";"40,96";"40,96";"40,96"
"1523012400";"06.04.2018 14:00";"40,08";"40,08";"40,08";"40,08"
"1523016000";"06.04.2018 15:00";"39,48";"39,48";"39,48";"39,48"
"1523019600";"06.04.2018 16:00";"39,37";"39,37";"39,37";"39,37"
"1523023200";"06.04.2018 17:00";"39,75";"39,75";"39,75";"39,75"
"1523026800";"06.04.2018 18:00";"40,22";"40,22";"40,22";"40,22"
"1523030400";"06.04.2018 19:00";"40,53";"40,53";"40,53";"40,53"
"1523034000";"06.04.2018 20:00";"41,41";"41,41";"41,41";"41,41"
"1523037600";"06.04.2018 21:00";"40,98";"40,98";"40,98";"40,98"
"1523041200";"06.04.2018 22:00";"40,53";"40,53";"40,53";"40,53"
"1523044800";"06.04.2018 23:00";"39,65";"39,65";"39,65";"39,65"
"1523048400";"07.04.2018 00:00";"37,54";"37,54";"37,54";"37,54"
"1523052000";"07.04.2018 01:00";"39,1";"39,1";"39,1";"39,1"
"1523055600";"07.04.2018 02:00";"38,44";"38,44";"38,44";"38,44"
"1523059200";"07.04.2018 03:00";"38,28";"38,28";"38,28";"38,28"
"1523062800";"07.04.2018 04:00";"38,13";"38,13";"38,13";"38,13"
"1523066400";"07.04.2018 05:00";"38,5";"38,5";"38,5";"38,5"
"1523070000";"07.04.2018 06:00";"38,83";"38,83";"38,83";"38,83"
"1523073600";"07.04.2018 07:00";"38,75";"38,75";"38,75";"38,75"
"1523077200";"07.04.2018 08:00";"39,11";"39,11";"39,11";"39,11"
"1523080800";"07.04.2018 09:00";"40,96";"40,96";"40,96";"40,96"
"1523084400";"07.04.2018 10:00";"41,75";"41,75";"41,75";"41,75"
"1523088000";"07.04.2018 11:00";"41,81";"41,81";"41,81";"41,81"
"1523091600";"07.04.2018 12:00";"40,92";"40,92";"40,92";"40,92"
"1523095200";"07.04.2018 13:00";"40,06";"40,06";"40,06";"40,06"
"1523098800";"07.04.2018 14:00";"39,43";"39,43";"39,43";"39,43"
"1523102400";"07.04.2018 15:00";"39";"39";"39";"39"
"1523106000";"07.04.2018 16:00";"38,73";"38,73";"38,73";"38,73"
"1523109600";"07.04.2018 17:00";"38,45";"38,45";"38,45";"38,45"
"1523113200";"07.04.2018 18:00";"38,93";"38,93";"38,93";"38,93"
"1523116800";"07.04.2018 19:00";"39,51";"39,51";"39,51";"39,51"
"1523120400";"07.04.2018 20:00";"40,45";"40,45";"40,45";"40,45"
"1523124000";"07.04.2018 21:00";"40,48";"40,48";"40,48";"40,48"
"1523127600";"07.04.2018 22:00";"39,09";"39,09";"39,09";"39,09"
"1523131200";"07.04.2018 23:00";"38,07";"38,07";"38,07";"38,07"
"1523134800";"08.04.2018 00:00";"35,92";"35,92";"38,82";"35,92"
"1523138400";"08.04.2018 01:00";"36,02";"36,02";"39,15";"39,15"
"1523142000";"08.04.2018 02:00";"36,06";"36,06";"38,98";"36,06"
"1523145600";"08.04.2018 03:00";"36,52";"36,52";"38,96";"36,52"
"1523149200";"08.04.2018 04:00";"36,56";"36,56";"39,02";"39,02"
"1523152800";"08.04.2018 05:00";"36,56";"36,56";"39,13";"39,13"
"1523156400";"08.04.2018 06:00";"36,08";"36,08";"39,28";"39,28"
"1523160000";"08.04.2018 07:00";"38";"38";"38,97";"38,97"
"1523163600";"08.04.2018 08:00";"38,86";"38,86";"38,86";"38,86"
"1523167200";"08.04.2018 09:00";"39,42";"39,42";"39,42";"39,42"
"1523170800";"08.04.2018 10:00";"39,82";"39,82";"39,82";"39,82"
"1523174400";"08.04.2018 11:00";"40,05";"40,05";"40,05";"40,05"
"1523178000";"08.04.2018 12:00";"39,84";"39,84";"39,84";"39,84"
"1523181600";"08.04.2018 13:00";"39,49";"39,49";"39,49";"39,49"
"1523185200";"08.04.2018 14:00";"39,12";"39,12";"39,12";"39,12"
"1523188800";"08.04.2018 15:00";"38,88";"38,88";"38,88";"38,88"
"1523192400";"08.04.2018 16:00";"38,8";"38,8";"38,8";"38,8"
"1523196000";"08.04.2018 17:00";"38,85";"38,85";"38,85";"38,85"
"1523199600";"08.04.2018 18:00";"39,07";"39,07";"39,07";"39,07"
"1523203200";"08.04.2018 19:00";"39,46";"39,46";"39,46";"39,46"
"1523206800";"08.04.2018 20:00";"40,72";"40,72";"40,72";"40,72"
"1523210400";"08.04.2018 21:00";"42,26";"42,26";"42,26";"42,26"
"1523214000";"08.04.2018 22:00";"41,68";"41,68";"41,68";"41,68"
"1523217600";"08.04.2018 23:00";"39,9";"39,9";"39,9";"39,9"
"1523221200";"09.04.2018 00:00";"36,56";"36,56";"38,8";"38,8"
"1523224800";"09.04.2018 01:00";"36,01";"36,01";"38,57";"36,01"
"1523228400";"09.04.2018 02:00";"33,66";"33,66";"38";"33,66"
"1523232000";"09.04.2018 03:00";"33,33";"33,33";"37,94";"33,33"
"1523235600";"09.04.2018 04:00";"34,42";"34,42";"37,97";"34,42"
"1523239200";"09.04.2018 05:00";"36,38";"36,38";"39,1";"36,38"
"1523242800";"09.04.2018 06:00";"39,92";"39,92";"39,92";"39,92"
"1523246400";"09.04.2018 07:00";"42,46";"42,46";"42,46";"42,46"
"1523250000";"09.04.2018 08:00";"50,04";"50,04";"50,04";"50,04"
"1523253600";"09.04.2018 09:00";"61,14";"61,14";"61,14";"61,14"
"1523257200";"09.04.2018 10:00";"52,01";"52,01";"52,01";"52,01"
"1523260800";"09.04.2018 11:00";"47,77";"47,77";"47,77";"47,77"
"1523264400";"09.04.2018 12:00";"44,78";"44,78";"44,78";"44,78"
"1523268000";"09.04.2018 13:00";"42,94";"42,94";"42,94";"42,94"
"1523271600";"09.04.2018 14:00";"42,5";"42,5";"42,5";"42,5"
"1523275200";"09.04.2018 15:00";"41,51";"41,51";"41,51";"41,51"
"1523278800";"09.04.2018 16:00";"41,35";"41,35";"41,35";"41,35"
"1523282400";"09.04.2018 17:00";"41,96";"41,96";"41,96";"41,96"
"1523286000";"09.04.2018 18:00";"43,68";"43,68";"43,68";"43,68"
"1523289600";"09.04.2018 19:00";"44,91";"44,91";"44,91";"44,91"
"1523293200";"09.04.2018 20:00";"45,26";"45,26";"45,26";"45,26"
"1523296800";"09.04.2018 21:00";"43,66";"43,66";"43,66";"43,66"
"1523300400";"09.04.2018 22:00";"41,26";"41,26";"41,26";"41,26"
"1523304000";"09.04.2018 23:00";"39,63";"39,63";"39,63";"39,63"
"1523307600";"10.04.2018 00:00";"38,36";"38,36";"38,36";"38,36"
"1523311200";"10.04.2018 01:00";"38,45";"38,45";"38,45";"38,45"
"1523314800";"10.04.2018 02:00";"37,04";"37,04";"37,04";"37,04"
"1523318400";"10.04.2018 03:00";"37,03";"37,03";"37,03";"37,03"
"1523322000";"10.04.2018 04:00";"37,05";"37,05";"37,05";"37,05"
"1523325600";"10.04.2018 05:00";"37,78";"37,78";"37,78";"37,78"
"1523329200";"10.04.2018 06:00";"39,09";"39,09";"39,09";"39,09"
"1523332800";"10.04.2018 07:00";"41,37";"41,37";"41,37";"41,37"
"1523336400";"10.04.2018 08:00";"44,32";"44,32";"44,32";"44,32"
"1523340000";"10.04.2018 09:00";"45,74";"45,74";"45,74";"45,74"
"1523343600";"10.04.2018 10:00";"44,44";"44,44";"44,44";"44,44"
"1523347200";"10.04.2018 11:00";"44,4";"44,4";"44,4";"44,4"
"1523350800";"10.04.2018 12:00";"44,27";"44,27";"44,27";"44,27"
"1523354400";"10.04.2018 13:00";"44,42";"44,42";"44,42";"44,42"
"1523358000";"10.04.2018 14:00";"42,55";"42,55";"42,55";"42,55"
"1523361600";"10.04.2018 15:00";"41,07";"41,07";"41,07";"41,07"
"1523365200";"10.04.2018 16:00";"40,82";"40,82";"40,82";"40,82"
"1523368800";"10.04.2018 17:00";"40,9";"40,9";"40,9";"40,9"
"1523372400";"10.04.2018 18:00";"41,7";"41,7";"41,7";"41,7"
"1523376000";"10.04.2018 19:00";"42,51";"42,51";"42,51";"42,51"
"1523379600";"10.04.2018 20:00";"42,92";"42,92";"42,92";"42,92"
"1523383200";"10.04.2018 21:00";"41,16";"41,16";"41,16";"41,16"
"1523386800";"10.04.2018 22:00";"40,55";"40,55";"40,55";"40,55"
"1523390400";"10.04.2018 23:00";"39,42";"39,42";"39,42";"39,42"
"1523394000";"11.04.2018 00:00";"37,94";"37,94";"37,94";"37,94"
"1523397600";"11.04.2018 01:00";"37,23";"37,23";"38,69";"37,23"
"1523401200";"11.04.2018 02:00";"35,51";"35,51";"38,14";"35,51"
"1523404800";"11.04.2018 03:00";"35,43";"35,43";"37,99";"35,43"
"1523408400";"11.04.2018 04:00";"36";"36";"38,28";"38,28"
"1523412000";"11.04.2018 05:00";"36,07";"36,07";"38,42";"38,42"
"1523415600";"11.04.2018 06:00";"39,62";"39,62";"39,62";"39,62"
"1523419200";"11.04.2018 07:00";"40,7";"40,7";"40,7";"40,7"
"1523422800";"11.04.2018 08:00";"44,57";"44,57";"44,57";"44,57"
"1523426400";"11.04.2018 09:00";"46,69";"46,69";"46,69";"46,69"
"1523430000";"11.04.2018 10:00";"44,69";"44,69";"44,69";"44,69"
"1523433600";"11.04.2018 11:00";"43,55";"43,55";"43,55";"43,55"
"1523437200";"11.04.2018 12:00";"42,13";"42,13";"42,13";"42,13"
"1523440800";"11.04.2018 13:00";"41,3";"41,3";"41,3";"41,3"
"1523444400";"11.04.2018 14:00";"41,35";"41,35";"41,35";"41,35"
"1523448000";"11.04.2018 15:00";"40,66";"40,66";"40,66";"40,66"
"1523451600";"11.04.2018 16:00";"40,62";"40,62";"40,62";"40,62"
"1523455200";"11.04.2018 17:00";"40,89";"40,89";"40,89";"40,89"
"1523458800";"11.04.2018 18:00";"40,95";"40,95";"40,95";"40,95"
"1523462400";"11.04.2018 19:00";"41,21";"41,21";"41,21";"41,21"
"1523466000";"11.04.2018 20:00";"41,57";"41,57";"41,57";"41,57"
"1523469600";"11.04.2018 21:00";"41,68";"41,68";"41,68";"41,68"
"1523473200";"11.04.2018 22:00";"41,09";"41,09";"41,09";"41,09"
"1523476800";"11.04.2018 23:00";"40,2";"40,2";"40,2";"40,2"
"1523480400";"12.04.2018 00:00";"37,07";"37,07";"39,32";"37,07"
"1523484000";"12.04.2018 01:00";"36,09";"36,09";"39,64";"36,09"
"1523487600";"12.04.2018 02:00";"36,04";"36,04";"39,41";"36,04"
"1523491200";"12.04.2018 03:00";"36,01";"36,01";"39,35";"36,01"
"1523494800";"12.04.2018 04:00";"36,08";"36,08";"39,41";"36,08"
"1523498400";"12.04.2018 05:00";"37,76";"37,76";"39,51";"37,76"
"1523502000";"12.04.2018 06:00";"39,76";"39,76";"39,76";"39,76"
"1523505600";"12.04.2018 07:00";"41,06";"41,06";"41,06";"41,06"
"1523509200";"12.04.2018 08:00";"44,74";"44,74";"44,74";"44,74"
"1523512800";"12.04.2018 09:00";"49,99";"49,99";"49,99";"49,99"
"1523516400";"12.04.2018 10:00";"44,73";"44,73";"44,73";"44,73"
"1523520000";"12.04.2018 11:00";"43,53";"43,53";"43,53";"43,53"
"1523523600";"12.04.2018 12:00";"41,08";"41,08";"41,08";"41,08"
"1523527200";"12.04.2018 13:00";"40,72";"40,72";"40,72";"40,72"
"1523530800";"12.04.2018 14:00";"40,45";"40,45";"40,45";"40,45"
"1523534400";"12.04.2018 15:00";"39,6";"39,6";"39,6";"39,6"
"1523538000";"12.04.2018 16:00";"39,51";"39,51";"39,51";"39,51"
"1523541600";"12.04.2018 17:00";"39,56";"39,56";"39,56";"39,56"
"1523545200";"12.04.2018 18:00";"39,63";"39,63";"39,63";"39,63"
"1523548800";"12.04.2018 19:00";"39,66";"39,66";"39,66";"39,66"
"1523552400";"12.04.2018 20:00";"40,11";"40,11";"40,11";"40,11"
"1523556000";"12.04.2018 21:00";"39,84";"39,84";"39,84";"39,84"
"1523559600";"12.04.2018 22:00";"39,54";"39,54";"39,54";"39,54"
"1523563200";"12.04.2018 23:00";"39,32";"39,32";"39,32";"39,32"
"1523566800";"13.04.2018 00:00";"35,59";"35,59";"38,93";"35,59"
"1523570400";"13.04.2018 01:00";"35,04";"35,04";"38,69";"35,04"
"1523574000";"13.04.2018 02:00";"34,21";"34,21";"38,36";"34,21"
"1523577600";"13.04.2018 03:00";"34,18";"34,18";"38,31";"34,18"
"1523581200";"13.04.2018 04:00";"34,2";"34,2";"38,52";"34,2"
"1523584800";"13.04.2018 05:00";"35,05";"35,05";"38,52";"35,05"
"1523588400";"13.04.2018 06:00";"39,15";"39,15";"39,15";"39,15"
"1523592000";"13.04.2018 07:00";"40,81";"40,81";"40,81";"40,81"
"1523595600";"13.04.2018 08:00";"43,85";"43,85";"43,85";"43,85"
"1523599200";"13.04.2018 09:00";"48,65";"48,65";"48,65";"48,65"
"1523602800";"13.04.2018 10:00";"45,06";"45,06";"45,06";"45,06"
"1523606400";"13.04.2018 11:00";"41,95";"41,95";"41,95";"41,95"
"1523610000";"13.04.2018 12:00";"40,48";"40,48";"40,48";"40,48"
"1523613600";"13.04.2018 13:00";"39,66";"39,66";"39,66";"39,66"
"1523617200";"13.04.2018 14:00";"39,16";"39,16";"39,16";"39,16"
"1523620800";"13.04.2018 15:00";"39,01";"39,01";"39,01";"39,01"
"1523624400";"13.04.2018 16:00";"38,54";"38,54";"38,54";"38,54"
"1523628000";"13.04.2018 17:00";"38,96";"38,96";"38,96";"38,96"
"1523631600";"13.04.2018 18:00";"39,47";"39,47";"39,47";"39,47"
"1523635200";"13.04.2018 19:00";"39,6";"39,6";"39,6";"39,6"
"1523638800";"13.04.2018 20:00";"39,66";"39,66";"39,66";"39,66"
"1523642400";"13.04.2018 21:00";"39,48";"39,48";"39,48";"39,48"
"1523646000";"13.04.2018 22:00";"39,41";"39,41";"39,41";"39,41"
"1523649600";"13.04.2018 23:00";"39,01";"39,01";"39,01";"39,01"
"1523653200";"14.04.2018 00:00";"37,39";"37,39";"37,72";"37,39"
"1523656800";"14.04.2018 01:00";"31,64";"31,64";"31,64";"31,64"
"1523660400";"14.04.2018 02:00";"29,2";"29,2";"29,2";"29,2"
"1523664000";"14.04.2018 03:00";"29";"29";"29";"29"
"1523667600";"14.04.2018 04:00";"29,92";"29,92";"29,92";"29,92"
"1523671200";"14.04.2018 05:00";"33,67";"33,67";"33,67";"33,67"
"1523674800";"14.04.2018 06:00";"32,8";"32,8";"32,8";"32,8"
"1523678400";"14.04.2018 07:00";"36,93";"36,93";"36,93";"36,93"
"1523682000";"14.04.2018 08:00";"38,91";"38,91";"38,91";"38,91"
"1523685600";"14.04.2018 09:00";"39,74";"39,74";"39,74";"39,74"
"1523689200";"14.04.2018 10:00";"39,92";"39,92";"39,92";"39,92"
"1523692800";"14.04.2018 11:00";"39,87";"39,87";"39,87";"39,87"
"1523696400";"14.04.2018 12:00";"39,77";"39,77";"39,77";"39,77"
"1523700000";"14.04.2018 13:00";"39,47";"39,47";"39,47";"39,47"
"1523703600";"14.04.2018 14:00";"39,14";"39,14";"39,14";"39,14"
"1523707200";"14.04.2018 15:00";"38,96";"38,96";"38,96";"38,96"
"1523710800";"14.04.2018 16:00";"38,87";"38,87";"38,87";"38,87"
"1523714400";"14.04.2018 17:00";"39,06";"39,06";"39,06";"39,06"
"1523718000";"14.04.2018 18:00";"39,34";"39,34";"39,34";"39,34"
"1523721600";"14.04.2018 19:00";"40,05";"40,05";"40,05";"40,05"
"1523725200";"14.04.2018 20:00";"40,95";"40,95";"40,95";"40,95"
"1523728800";"14.04.2018 21:00";"41,03";"41,03";"41,03";"41,03"
"1523732400";"14.04.2018 22:00";"41,14";"41,14";"41,14";"41,14"
"1523736000";"14.04.2018 23:00";"40,95";"40,95";"40,95";"40,95"
"1523739600";"15.04.2018 00:00";"39,99";"39,99";"39,99";"39,99"
"1523743200";"15.04.2018 01:00";"39,56";"39,56";"39,56";"39,56"
"1523746800";"15.04.2018 02:00";"39,3";"39,3";"39,3";"39,3"
"1523750400";"15.04.2018 03:00";"38,97";"38,97";"38,97";"38,97"
"1523754000";"15.04.2018 04:00";"38,91";"38,91";"38,91";"38,91"
"1523757600";"15.04.2018 05:00";"39,02";"39,02";"39,02";"39,02"
"1523761200";"15.04.2018 06:00";"38,98";"38,98";"38,98";"38,98"
"1523764800";"15.04.2018 07:00";"39,11";"39,11";"39,11";"39,11"
"1523768400";"15.04.2018 08:00";"39,53";"39,53";"39,53";"39,53"
"1523772000";"15.04.2018 09:00";"39,85";"39,85";"39,85";"39,85"
"1523775600";"15.04.2018 10:00";"40,13";"40,13";"40,13";"40,13"
"1523779200";"15.04.2018 11:00";"40,57";"40,57";"40,57";"40,57"
"1523782800";"15.04.2018 12:00";"40,33";"40,33";"40,33";"40,33"
"1523786400";"15.04.2018 13:00";"39,89";"39,89";"39,89";"39,89"
"1523790000";"15.04.2018 14:00";"39,5";"39,5";"39,5";"39,5"
"1523793600";"15.04.2018 15:00";"39,38";"39,38";"39,38";"39,38"
"1523797200";"15.04.2018 16:00";"39,33";"39,33";"39,33";"39,33"
"1523800800";"15.04.2018 17:00";"39,39";"39,39";"39,39";"39,39"
"1523804400";"15.04.2018 18:00";"39,64";"39,64";"39,64";"39,64"
"1523808000";"15.04.2018 19:00";"39,76";"39,76";"39,76";"39,76"
"1523811600";"15.04.2018 20:00";"41,17";"41,17";"41,17";"41,17"
"1523815200";"15.04.2018 21:00";"42,49";"42,49";"42,49";"42,49"
"1523818800";"15.04.2018 22:00";"41,73";"41,73";"41,73";"41,73"
"1523822400";"15.04.2018 23:00";"40,32";"40,32";"40,32";"40,32"
"1523826000";"16.04.2018 00:00";"39,18";"39,18";"39,18";"39,18"
"1523829600";"16.04.2018 01:00";"38,75";"38,75";"38,75";"38,75"
"1523833200";"16.04.2018 02:00";"38,28";"38,28";"38,28";"38,28"
"1523836800";"16.04.2018 03:00";"38,16";"38,16";"38,16";"38,16"
"1523840400";"16.04.2018 04:00";"38,36";"38,36";"38,36";"38,36"
"1523844000";"16.04.2018 05:00";"39,03";"39,03";"39,03";"39,03"
"1523847600";"16.04.2018 06:00";"40,97";"40,97";"40,97";"40,97"
"1523851200";"16.04.2018 07:00";"46,65";"46,65";"46,65";"46,65"
"1523854800";"16.04.2018 08:00";"56,1";"56,1";"56,1";"56,1"
"1523858400";"16.04.2018 09:00";"64,99";"64,99";"64,99";"64,99"
"1523862000";"16.04.2018 10:00";"58,97";"58,97";"58,97";"58,97"
"1523865600";"16.04.2018 11:00";"55,74";"55,74";"55,74";"55,74"
"1523869200";"16.04.2018 12:00";"52,97";"52,97";"52,97";"52,97"
"1523872800";"16.04.2018 13:00";"51,81";"51,81";"51,81";"51,81"
"1523876400";"16.04.2018 14:00";"49,99";"49,99";"49,99";"49,99"
"1523880000";"16.04.2018 15:00";"46,3";"46,3";"46,3";"46,3"
"1523883600";"16.04.2018 16:00";"45,79";"45,79";"45,79";"45,79"
"1523887200";"16.04.2018 17:00";"44,81";"44,81";"44,81";"44,81"
"1523890800";"16.04.2018 18:00";"45,74";"45,74";"45,74";"45,74"
"1523894400";"16.04.2018 19:00";"48,49";"48,49";"48,49";"48,49"
"1523898000";"16.04.2018 20:00";"52,84";"52,84";"52,84";"52,84"
"1523901600";"16.04.2018 21:00";"55";"55";"55";"55"
"1523905200";"16.04.2018 22:00";"48,08";"48,08";"48,08";"48,08"
"1523908800";"16.04.2018 23:00";"43,98";"43,98";"43,98";"43,98"
"1523912400";"17.04.2018 00:00";"41,55";"41,55";"41,55";"41,55"
"1523916000";"17.04.2018 01:00";"40,16";"40,16";"40,16";"40,16"
"1523919600";"17.04.2018 02:00";"37,08";"37,08";"39,71";"37,08"
"1523923200";"17.04.2018 03:00";"36,06";"36,06";"39,41";"36,06"
"1523926800";"17.04.2018 04:00";"36,05";"36,05";"39,13";"36,05"
"1523930400";"17.04.2018 05:00";"36,21";"36,21";"39,18";"36,21"
"1523934000";"17.04.2018 06:00";"39,76";"39,76";"39,76";"39,76"
"1523937600";"17.04.2018 07:00";"45,13";"45,13";"45,13";"45,13"
"1523941200";"17.04.2018 08:00";"54,88";"54,88";"54,88";"54,88"
"1523944800";"17.04.2018 09:00";"56";"56";"56";"56"
"1523948400";"17.04.2018 10:00";"51,93";"51,93";"51,93";"51,93"
"1523952000";"17.04.2018 11:00";"48,25";"48,25";"48,25";"48,25"
"1523955600";"17.04.2018 12:00";"46,05";"46,05";"46,05";"46,05"
"1523959200";"17.04.2018 13:00";"45,73";"45,73";"45,73";"45,73"
"1523962800";"17.04.2018 14:00";"45,18";"45,18";"45,18";"45,18"
"1523966400";"17.04.2018 15:00";"40,38";"40,38";"40,38";"40,38"
"1523970000";"17.04.2018 16:00";"39,97";"39,97";"39,97";"39,97"
"1523973600";"17.04.2018 17:00";"40,98";"40,98";"40,98";"40,98"
"1523977200";"17.04.2018 18:00";"43,65";"43,65";"43,65";"43,65"
"1523980800";"17.04.2018 19:00";"49,09";"49,09";"49,09";"49,09"
"1523984400";"17.04.2018 20:00";"50,08";"50,08";"50,08";"50,08"
"1523988000";"17.04.2018 21:00";"44,31";"44,31";"44,31";"44,31"
"1523991600";"17.04.2018 22:00";"42,67";"42,67";"42,67";"42,67"
"1523995200";"17.04.2018 23:00";"41,59";"41,59";"41,59";"41,59"
"1523998800";"18.04.2018 00:00";"39,83";"39,83";"39,83";"39,83"
"1524002400";"18.04.2018 01:00";"38,64";"38,64";"38,64";"38,64"
"1524006000";"18.04.2018 02:00";"37,8";"37,8";"37,8";"37,8"
"1524009600";"18.04.2018 03:00";"37,02";"37,02";"37,02";"37,02"
"1524013200";"18.04.2018 04:00";"36,54";"36,54";"36,54";"36,54"
"1524016800";"18.04.2018 05:00";"36,42";"36,42";"36,42";"36,42"
"1524020400";"18.04.2018 06:00";"38,16";"38,16";"38,16";"38,16"
"1524024000";"18.04.2018 07:00";"42,66";"42,66";"42,66";"42,66"
"1524027600";"18.04.2018 08:00";"51,74";"51,74";"51,74";"51,74"
"1524031200";"18.04.2018 09:00";"57,48";"57,48";"57,48";"57,48"
"1524034800";"18.04.2018 10:00";"50,09";"50,09";"50,09";"50,09"
"1524038400";"18.04.2018 11:00";"50,02";"50,02";"50,02";"50,02"
"1524042000";"18.04.2018 12:00";"47,05";"47,05";"47,05";"47,05"
"1524045600";"18.04.2018 13:00";"46,29";"46,29";"46,29";"46,29"
"1524049200";"18.04.2018 14:00";"41,2";"41,2";"41,2";"41,2"
"1524052800";"18.04.2018 15:00";"39,73";"39,73";"39,73";"39,73"
"1524056400";"18.04.2018 16:00";"39,66";"39,66";"39,66";"39,66"
"1524060000";"18.04.2018 17:00";"40,28";"40,28";"40,28";"40,28"
"1524063600";"18.04.2018 18:00";"41,01";"41,01";"41,01";"41,01"
"1524067200";"18.04.2018 19:00";"42,81";"42,81";"42,81";"42,81"
"1524070800";"18.04.2018 20:00";"43,26";"43,26";"43,26";"43,26"
"1524074400";"18.04.2018 21:00";"42,86";"42,86";"42,86";"42,86"
"1524078000";"18.04.2018 22:00";"42,18";"42,18";"42,18";"42,18"
"1524081600";"18.04.2018 23:00";"41,06";"41,06";"41,06";"41,06"
"1524085200";"19.04.2018 00:00";"38,08";"38,08";"38,08";"38,08"
"1524088800";"19.04.2018 01:00";"35,8";"35,8";"35,8";"35,8"
"1524092400";"19.04.2018 02:00";"34,06";"34,06";"34,06";"34,06"
"1524096000";"19.04.2018 03:00";"33,4";"33,4";"33,4";"33,4"
"1524099600";"19.04.2018 04:00";"33,7";"33,7";"33,7";"33,7"
"1524103200";"19.04.2018 05:00";"33,92";"33,92";"33,92";"33,92"
"1524106800";"19.04.2018 06:00";"36,46";"36,46";"36,46";"36,46"
"1524110400";"19.04.2018 07:00";"40,57";"40,57";"40,57";"40,57"
"1524114000";"19.04.2018 08:00";"49,3";"49,3";"49,3";"49,3"
"1524117600";"19.04.2018 09:00";"49,96";"49,96";"49,96";"49,96"
"1524121200";"19.04.2018 10:00";"46,19";"46,19";"46,19";"46,19"
"1524124800";"19.04.2018 11:00";"43";"43";"43";"43"
"1524128400";"19.04.2018 12:00";"41,73";"41,73";"41,73";"41,73"
"1524132000";"19.04.2018 13:00";"39,92";"39,92";"39,92";"39,92"
"1524135600";"19.04.2018 14:00";"39,66";"39,66";"39,66";"39,66"
"1524139200";"19.04.2018 15:00";"38,73";"38,73";"38,73";"38,73"
"1524142800";"19.04.2018 16:00";"38,63";"38,63";"38,63";"38,63"
"1524146400";"19.04.2018 17:00";"39,42";"39,42";"39,42";"39,42"
"1524150000";"19.04.2018 18:00";"41,21";"41,21";"41,21";"41,21"
"1524153600";"19.04.2018 19:00";"41,85";"41,85";"41,85";"41,85"
"1524157200";"19.04.2018 20:00";"42,4";"42,4";"42,4";"42,4"
"1524160800";"19.04.2018 21:00";"40,74";"40,74";"40,74";"40,74"
"1524164400";"19.04.2018 22:00";"39,56";"39,56";"39,56";"39,56"
"1524168000";"19.04.2018 23:00";"38,01";"38,01";"38,01";"38,01"
"1524171600";"20.04.2018 00:00";"34,63";"34,63";"34,63";"34,63"
"1524175200";"20.04.2018 01:00";"34,55";"34,55";"34,55";"34,55"
"1524178800";"20.04.2018 02:00";"32,2";"32,2";"32,2";"32,2"
"1524182400";"20.04.2018 03:00";"31,23";"31,23";"31,23";"31,23"
"1524186000";"20.04.2018 04:00";"31,38";"31,38";"31,38";"31,38"
"1524189600";"20.04.2018 05:00";"32,06";"32,06";"32,06";"32,06"
"1524193200";"20.04.2018 06:00";"35,18";"35,18";"35,18";"35,18"
"1524196800";"20.04.2018 07:00";"38,52";"40,07";"38,52";"38,52"
"1524200400";"20.04.2018 08:00";"40,11";"47,95";"40,11";"40,11"
"1524204000";"20.04.2018 09:00";"41,42";"48,93";"41,42";"41,42"
"1524207600";"20.04.2018 10:00";"41,75";"45,92";"41,75";"41,75"
"1524211200";"20.04.2018 11:00";"40,74";"43,02";"40,74";"40,74"
"1524214800";"20.04.2018 12:00";"39,34";"41";"39,34";"39,34"
"1524218400";"20.04.2018 13:00";"37,86";"37,86";"37,86";"37,86"
"1524222000";"20.04.2018 14:00";"36,85";"36,85";"36,85";"36,85"
"1524225600";"20.04.2018 15:00";"35,87";"35,87";"35,87";"35,87"
"1524229200";"20.04.2018 16:00";"35,03";"35,03";"35,03";"35,03"
"1524232800";"20.04.2018 17:00";"35,76";"35,76";"35,76";"35,76"
"1524236400";"20.04.2018 18:00";"37,19";"37,19";"37,19";"37,19"
"1524240000";"20.04.2018 19:00";"38,33";"38,33";"38,33";"38,33"
"1524243600";"20.04.2018 20:00";"38,21";"38,21";"38,21";"38,21"
"1524247200";"20.04.2018 21:00";"37,83";"37,83";"37,83";"37,83"
"1524250800";"20.04.2018 22:00";"37,24";"37,24";"37,24";"37,24"
"1524254400";"20.04.2018 23:00";"36,28";"36,28";"36,28";"36,28"
"1524258000";"21.04.2018 00:00";"31,07";"31,07";"31,07";"31,07"
"1524261600";"21.04.2018 01:00";"29,51";"29,51";"29,51";"29,51"
"1524265200";"21.04.2018 02:00";"28,05";"28,05";"28,05";"28,05"
"1524268800";"21.04.2018 03:00";"27,59";"27,59";"27,59";"27,59"
"1524272400";"21.04.2018 04:00";"27,08";"27,08";"27,08";"27,08"
"1524276000";"21.04.2018 05:00";"27,6";"27,6";"27,6";"27,6"
"1524279600";"21.04.2018 06:00";"29,51";"29,51";"29,51";"29,51"
"1524283200";"21.04.2018 07:00";"32,06";"32,06";"32,06";"32,06"
"1524286800";"21.04.2018 08:00";"34,1";"34,1";"34,1";"34,1"
"1524290400";"21.04.2018 09:00";"34,94";"34,94";"34,94";"34,94"
"1524294000";"21.04.2018 10:00";"33,93";"33,93";"33,93";"33,93"
"1524297600";"21.04.2018 11:00";"33,95";"33,95";"33,95";"33,95"
"1524301200";"21.04.2018 12:00";"33,11";"33,11";"33,11";"33,11"
"1524304800";"21.04.2018 13:00";"30,93";"30,93";"30,93";"30,93"
"1524308400";"21.04.2018 14:00";"29,28";"29,28";"29,28";"29,28"
"1524312000";"21.04.2018 15:00";"24,01";"24,01";"24,01";"24,01"
"1524315600";"21.04.2018 16:00";"24,96";"24,96";"24,96";"24,96"
"1524319200";"21.04.2018 17:00";"28,06";"28,06";"28,06";"28,06"
"1524322800";"21.04.2018 18:00";"30,96";"30,96";"30,96";"30,96"
"1524326400";"21.04.2018 19:00";"34,39";"34,39";"34,39";"34,39"
"1524330000";"21.04.2018 20:00";"36,09";"36,09";"36,09";"36,09"
"1524333600";"21.04.2018 21:00";"36,47";"36,47";"36,47";"36,47"
"1524337200";"21.04.2018 22:00";"36,34";"36,34";"36,34";"36,34"
"1524340800";"21.04.2018 23:00";"36,07";"36,07";"36,07";"36,07"
"1524344400";"22.04.2018 00:00";"35";"35";"35";"35"
"1524348000";"22.04.2018 01:00";"34,09";"34,09";"34,09";"34,09"
"1524351600";"22.04.2018 02:00";"31,31";"31,31";"31,31";"31,31"
"1524355200";"22.04.2018 03:00";"29,64";"29,64";"29,64";"29,64"
"1524358800";"22.04.2018 04:00";"30,91";"30,91";"30,91";"30,91"
"1524362400";"22.04.2018 05:00";"31,91";"31,91";"31,91";"31,91"
"1524366000";"22.04.2018 06:00";"33,15";"33,15";"33,15";"33,15"
"1524369600";"22.04.2018 07:00";"34,05";"34,05";"34,05";"34,05"
"1524373200";"22.04.2018 08:00";"35,79";"35,79";"35,79";"35,79"
"1524376800";"22.04.2018 09:00";"36,42";"37,83";"36,42";"36,42"
"1524380400";"22.04.2018 10:00";"36,94";"37,9";"36,94";"36,94"
"1524384000";"22.04.2018 11:00";"37";"37,92";"37";"37"
"1524387600";"22.04.2018 12:00";"36,97";"38,02";"36,97";"36,97"
"1524391200";"22.04.2018 13:00";"36,49";"38,02";"36,49";"36,49"
"1524394800";"22.04.2018 14:00";"36";"37,9";"36";"36"
"1524398400";"22.04.2018 15:00";"35,61";"37,83";"35,61";"35,61"
"1524402000";"22.04.2018 16:00";"35,83";"35,83";"35,83";"35,83"
"1524405600";"22.04.2018 17:00";"36,09";"36,09";"36,09";"36,09"
"1524409200";"22.04.2018 18:00";"36,62";"36,62";"36,62";"36,62"
"1524412800";"22.04.2018 19:00";"36,82";"36,82";"36,82";"36,82"
"1524416400";"22.04.2018 20:00";"36,87";"36,87";"36,87";"36,87"
"1524420000";"22.04.2018 21:00";"36,96";"36,96";"36,96";"36,96"
"1524423600";"22.04.2018 22:00";"36,14";"36,14";"36,14";"36,14"
"1524427200";"22.04.2018 23:00";"34,48";"34,48";"34,48";"34,48"
"1524430800";"23.04.2018 00:00";"33,1";"33,1";"33,1";"33,1"
"1524434400";"23.04.2018 01:00";"30,25";"30,25";"30,25";"30,25"
"1524438000";"23.04.2018 02:00";"24,99";"24,99";"24,99";"24,99"
"1524441600";"23.04.2018 03:00";"24,93";"24,93";"24,93";"24,93"
"1524445200";"23.04.2018 04:00";"24,87";"24,87";"24,87";"24,87"
"1524448800";"23.04.2018 05:00";"24,95";"24,95";"24,95";"24,95"
"1524452400";"23.04.2018 06:00";"34,27";"34,27";"35,92";"34,27"
"1524456000";"23.04.2018 07:00";"40,15";"40,15";"57,8";"40,15"
"1524459600";"23.04.2018 08:00";"85,57";"85,57";"85,57";"85,57"
"1524463200";"23.04.2018 09:00";"87,33";"87,33";"87,33";"87,33"
"1524466800";"23.04.2018 10:00";"60,27";"60,27";"60,27";"60,27"
"1524470400";"23.04.2018 11:00";"54,6";"54,6";"54,6";"54,6"
"1524474000";"23.04.2018 12:00";"52,64";"52,64";"52,64";"52,64"
"1524477600";"23.04.2018 13:00";"50";"50";"50";"50"
"1524481200";"23.04.2018 14:00";"46,09";"46,09";"46,09";"46,09"
"1524484800";"23.04.2018 15:00";"37,99";"41,03";"37,99";"37,99"
"1524488400";"23.04.2018 16:00";"41,03";"41,03";"41,03";"41,03"
"1524492000";"23.04.2018 17:00";"43,61";"43,61";"43,61";"43,61"
"1524495600";"23.04.2018 18:00";"42,1";"42,1";"42,1";"42,1"
"1524499200";"23.04.2018 19:00";"42,11";"42,11";"42,11";"42,11"
"1524502800";"23.04.2018 20:00";"41,07";"41,07";"41,07";"41,07"
"1524506400";"23.04.2018 21:00";"37,44";"37,44";"37,44";"37,44"
"1524510000";"23.04.2018 22:00";"37";"37";"37";"37"
"1524513600";"23.04.2018 23:00";"35,99";"35,99";"35,99";"35,99"
"1524517200";"24.04.2018 00:00";"21,67";"27,57";"27,57";"21,67"
"1524520800";"24.04.2018 01:00";"28,05";"28,05";"28,05";"28,05"
"1524524400";"24.04.2018 02:00";"27,01";"27,01";"27,01";"27,01"
"1524528000";"24.04.2018 03:00";"27,01";"27,01";"27,01";"27,01"
"1524531600";"24.04.2018 04:00";"24,12";"24,12";"24,12";"24,12"
"1524535200";"24.04.2018 05:00";"23,4";"23,4";"23,4";"23,4"
"1524538800";"24.04.2018 06:00";"30,1";"30,1";"30,1";"30,1"
"1524542400";"24.04.2018 07:00";"36,37";"38,04";"36,37";"36,37"
"1524546000";"24.04.2018 08:00";"42,12";"42,12";"42,12";"42,12"
"1524549600";"24.04.2018 09:00";"40,98";"42,1";"40,98";"40,98"
"1524553200";"24.04.2018 10:00";"44,3";"44,3";"44,3";"44,3"
"1524556800";"24.04.2018 11:00";"42,16";"42,16";"42,16";"42,16"
"1524560400";"24.04.2018 12:00";"42,05";"42,05";"42,05";"42,05"
"1524564000";"24.04.2018 13:00";"40,74";"42,05";"40,74";"40,74"
"1524567600";"24.04.2018 14:00";"39,74";"46";"39,74";"39,74"
"1524571200";"24.04.2018 15:00";"35,58";"35,58";"35,58";"35,58"
"1524574800";"24.04.2018 16:00";"35,38";"35,38";"35,38";"35,38"
"1524578400";"24.04.2018 17:00";"35,84";"46,04";"35,84";"35,84"
"1524582000";"24.04.2018 18:00";"37,67";"37,67";"37,67";"37,67"
"1524585600";"24.04.2018 19:00";"39,37";"39,37";"39,37";"39,37"
"1524589200";"24.04.2018 20:00";"39,94";"39,94";"39,94";"39,94"
"1524592800";"24.04.2018 21:00";"36,88";"36,88";"36,88";"36,88"
"1524596400";"24.04.2018 22:00";"36,53";"36,53";"36,53";"36,53"
"1524600000";"24.04.2018 23:00";"36,11";"36,11";"36,11";"36,11"
"1524603600";"25.04.2018 00:00";"26,77";"26,77";"26,77";"26,77"
"1524607200";"25.04.2018 01:00";"35,46";"35,46";"35,46";"35,46"
"1524610800";"25.04.2018 02:00";"34,14";"34,14";"34,14";"34,14"
"1524614400";"25.04.2018 03:00";"32,69";"32,69";"32,69";"32,69"
"1524618000";"25.04.2018 04:00";"32,34";"32,34";"32,34";"32,34"
"1524621600";"25.04.2018 05:00";"32,43";"32,43";"32,43";"32,43"
"1524625200";"25.04.2018 06:00";"34,99";"34,99";"34,99";"34,99"
"1524628800";"25.04.2018 07:00";"41,46";"41,46";"41,46";"41,46"
"1524632400";"25.04.2018 08:00";"49,52";"49,52";"49,52";"49,52"
"1524636000";"25.04.2018 09:00";"55,09";"55,09";"55,09";"55,09"
"1524639600";"25.04.2018 10:00";"57,34";"57,34";"57,34";"57,34"
"1524643200";"25.04.2018 11:00";"49,68";"49,68";"49,68";"49,68"
"1524646800";"25.04.2018 12:00";"47,56";"47,56";"47,56";"47,56"
"1524650400";"25.04.2018 13:00";"47,52";"47,52";"47,52";"47,52"
"1524654000";"25.04.2018 14:00";"47,04";"47,04";"47,04";"47,04"
"1524657600";"25.04.2018 15:00";"41,04";"41,04";"37,36";"37,36"
"1524661200";"25.04.2018 16:00";"41,03";"41,03";"36,92";"36,92"
"1524664800";"25.04.2018 17:00";"45,21";"45,21";"45,21";"45,21"
"1524668400";"25.04.2018 18:00";"45,2";"45,2";"45,2";"45,2"
"1524672000";"25.04.2018 19:00";"45,21";"45,21";"44,32";"44,32"
"1524675600";"25.04.2018 20:00";"48,75";"48,75";"44,06";"44,06"
"1524679200";"25.04.2018 21:00";"41,05";"41,05";"38,62";"38,62"
"1524682800";"25.04.2018 22:00";"37,83";"37,83";"37,83";"37,83"
"1524686400";"25.04.2018 23:00";"36,47";"36,47";"36,47";"36,47"
"1524690000";"26.04.2018 00:00";"33,33";"33,33";"33,33";"33,33"
"1524693600";"26.04.2018 01:00";"34,24";"34,24";"34,24";"34,24"
"1524697200";"26.04.2018 02:00";"30,08";"30,08";"30,08";"30,08"
"1524700800";"26.04.2018 03:00";"30,48";"30,48";"30,48";"30,48"
"1524704400";"26.04.2018 04:00";"32,38";"32,38";"32,38";"32,38"
"1524708000";"26.04.2018 05:00";"32,62";"32,62";"32,62";"32,62"
"1524711600";"26.04.2018 06:00";"34,5";"34,5";"34,5";"34,5"
"1524715200";"26.04.2018 07:00";"38,07";"38,07";"44,38";"38,07"
"1524718800";"26.04.2018 08:00";"48,27";"48,27";"48,27";"48,27"
"1524722400";"26.04.2018 09:00";"59,55";"59,55";"59,55";"59,55"
"1524726000";"26.04.2018 10:00";"61,26";"61,26";"61,26";"61,26"
"1524729600";"26.04.2018 11:00";"50,32";"50,32";"50,32";"50,32"
"1524733200";"26.04.2018 12:00";"47,12";"47,12";"47,12";"47,12"
"1524736800";"26.04.2018 13:00";"47,05";"47,05";"47,05";"47,05"
"1524740400";"26.04.2018 14:00";"47";"47";"47";"47"
"1524744000";"26.04.2018 15:00";"37,86";"37,86";"37,86";"37,86"
"1524747600";"26.04.2018 16:00";"36,75";"36,75";"36,75";"36,75"
"1524751200";"26.04.2018 17:00";"42,15";"46,07";"42,15";"42,15"
"1524754800";"26.04.2018 18:00";"42,13";"42,13";"42,13";"42,13"
"1524758400";"26.04.2018 19:00";"46,04";"46,04";"46,04";"46,04"
"1524762000";"26.04.2018 20:00";"47,14";"47,14";"47,14";"47,14"
"1524765600";"26.04.2018 21:00";"37,93";"62,55";"37,93";"37,93"
"1524769200";"26.04.2018 22:00";"38,17";"42,05";"38,17";"38,17"
"1524772800";"26.04.2018 23:00";"37,49";"37,49";"37,49";"37,49"
"1524776400";"27.04.2018 00:00";"35,74";"35,74";"35,74";"35,74"
"1524780000";"27.04.2018 01:00";"35,05";"35,05";"35,05";"35,05"
"1524783600";"27.04.2018 02:00";"33,07";"33,07";"33,07";"33,07"
"1524787200";"27.04.2018 03:00";"32,43";"32,43";"32,43";"32,43"
"1524790800";"27.04.2018 04:00";"33,4";"33,4";"33,4";"33,4"
"1524794400";"27.04.2018 05:00";"33,99";"33,99";"33,99";"33,99"
"1524798000";"27.04.2018 06:00";"35,55";"35,55";"35,55";"35,55"
"1524801600";"27.04.2018 07:00";"41,41";"41,41";"70,08";"41,41"
"1524805200";"27.04.2018 08:00";"49,83";"49,83";"88,44";"49,83"
"1524808800";"27.04.2018 09:00";"63";"63";"107,38";"63"
"1524812400";"27.04.2018 10:00";"70,69";"70,69";"75,57";"70,69"
"1524816000";"27.04.2018 11:00";"60,4";"60,4";"60,4";"60,4"
"1524819600";"27.04.2018 12:00";"60,4";"60,4";"60,4";"60,4"
"1524823200";"27.04.2018 13:00";"53,43";"53,43";"53,43";"53,43"
"1524826800";"27.04.2018 14:00";"52,09";"52,09";"52,09";"52,09"
"1524830400";"27.04.2018 15:00";"42,13";"51,53";"42,13";"42,13"
"1524834000";"27.04.2018 16:00";"50,79";"50,79";"40,96";"40,96"
"1524837600";"27.04.2018 17:00";"47,66";"47,66";"47,66";"47,66"
"1524841200";"27.04.2018 18:00";"47,04";"47,04";"47,04";"47,04"
"1524844800";"27.04.2018 19:00";"47,02";"47,02";"47,02";"47,02"
"1524848400";"27.04.2018 20:00";"53,41";"53,41";"53,41";"53,41"
"1524852000";"27.04.2018 21:00";"42,06";"42,06";"38,33";"38,33"
"1524855600";"27.04.2018 22:00";"37,94";"37,94";"37,94";"37,94"
"1524859200";"27.04.2018 23:00";"37,6";"37,6";"37,6";"37,6"
"1524862800";"28.04.2018 00:00";"36";"36";"36";"36"
"1524866400";"28.04.2018 01:00";"35,92";"35,92";"35,92";"35,92"
"1524870000";"28.04.2018 02:00";"34,32";"34,32";"34,32";"34,32"
"1524873600";"28.04.2018 03:00";"33,29";"33,29";"33,29";"33,29"
"1524877200";"28.04.2018 04:00";"33,17";"33,17";"33,17";"33,17"
"1524880800";"28.04.2018 05:00";"32,72";"32,72";"32,72";"32,72"
"1524884400";"28.04.2018 06:00";"32,55";"32,55";"32,55";"32,55"
"1524888000";"28.04.2018 07:00";"34,84";"34,84";"34,84";"34,84"
"1524891600";"28.04.2018 08:00";"36,02";"36,02";"36,02";"36,02"
"1524895200";"28.04.2018 09:00";"43,54";"43,54";"43,54";"43,54"
"1524898800";"28.04.2018 10:00";"48,03";"48,03";"48,03";"48,03"
"1524902400";"28.04.2018 11:00";"47,03";"47,03";"47,03";"47,03"
"1524906000";"28.04.2018 12:00";"44,98";"44,98";"44,98";"44,98"
"1524909600";"28.04.2018 13:00";"42,99";"42,99";"42,99";"42,99"
"1524913200";"28.04.2018 14:00";"42,05";"42,05";"42,05";"42,05"
"1524916800";"28.04.2018 15:00";"34,98";"34,98";"34,98";"34,98"
"1524920400";"28.04.2018 16:00";"34,76";"34,76";"34,76";"34,76"
"1524924000";"28.04.2018 17:00";"41,29";"41,29";"41,29";"41,29"
"1524927600";"28.04.2018 18:00";"41,18";"41,18";"41,18";"41,18"
"1524931200";"28.04.2018 19:00";"41,4";"41,4";"41,4";"41,4"
"1524934800";"28.04.2018 20:00";"42,19";"42,19";"43,04";"42,19"
"1524938400";"28.04.2018 21:00";"42,01";"42,01";"38,26";"39,11"
"1524942000";"28.04.2018 22:00";"37,93";"37,93";"37,93";"37,93"
"1524945600";"28.04.2018 23:00";"36,96";"36,96";"36,96";"36,96"
"1524949200";"29.04.2018 00:00";"35,96";"35,96";"35,96";"35,96"
"1524952800";"29.04.2018 01:00";"35,98";"35,98";"35,98";"35,98"
"1524956400";"29.04.2018 02:00";"34,87";"34,87";"34,87";"34,87"
"1524960000";"29.04.2018 03:00";"34,58";"34,58";"34,58";"34,58"
"1524963600";"29.04.2018 04:00";"34,01";"34,01";"34,01";"34,01"
"1524967200";"29.04.2018 05:00";"33,95";"33,95";"33,95";"33,95"
"1524970800";"29.04.2018 06:00";"33,6";"33,6";"33,6";"33,6"
"1524974400";"29.04.2018 07:00";"34,47";"34,47";"34,47";"34,47"
"1524978000";"29.04.2018 08:00";"34,82";"34,82";"34,82";"34,82"
"1524981600";"29.04.2018 09:00";"35,61";"35,61";"35,61";"35,61"
"1524985200";"29.04.2018 10:00";"35,97";"35,97";"35,97";"35,97"
"1524988800";"29.04.2018 11:00";"36,03";"36,03";"36,03";"36,03"
"1524992400";"29.04.2018 12:00";"35,97";"35,97";"35,97";"35,97"
"1524996000";"29.04.2018 13:00";"35,64";"35,64";"35,64";"35,64"
"1524999600";"29.04.2018 14:00";"35,32";"35,32";"35,32";"35,32"
"1525003200";"29.04.2018 15:00";"34,99";"34,99";"34,99";"34,99"
"1525006800";"29.04.2018 16:00";"34,45";"34,45";"34,45";"34,45"
"1525010400";"29.04.2018 17:00";"34,62";"34,62";"34,62";"34,62"
"1525014000";"29.04.2018 18:00";"35,23";"35,23";"35,23";"35,23"
"1525017600";"29.04.2018 19:00";"35,6";"35,6";"35,6";"35,6"
"1525021200";"29.04.2018 20:00";"35,33";"35,33";"35,33";"35,33"
"1525024800";"29.04.2018 21:00";"35,31";"35,31";"35,31";"35,31"
"1525028400";"29.04.2018 22:00";"35,74";"35,74";"35,74";"35,74"
"1525032000";"29.04.2018 23:00";"35,3";"35,3";"35,3";"35,3"
"1525035600";"30.04.2018 00:00";"33,39";"33,39";"33,39";"33,39"
"1525039200";"30.04.2018 01:00";"31,93";"31,93";"31,93";"31,93"
"1525042800";"30.04.2018 02:00";"30,36";"30,36";"30,36";"30,36"
"1525046400";"30.04.2018 03:00";"25,09";"25,09";"25,09";"25,09"
"1525050000";"30.04.2018 04:00";"21,21";"21,21";"21,21";"21,21"
"1525053600";"30.04.2018 05:00";"23,92";"23,92";"23,92";"23,92"
"1525057200";"30.04.2018 06:00";"31,01";"31,01";"31,01";"31,01"
"1525060800";"30.04.2018 07:00";"33,92";"33,92";"33,92";"33,92"
"1525064400";"30.04.2018 08:00";"35,81";"35,81";"35,81";"35,81"
"1525068000";"30.04.2018 09:00";"37,46";"37,46";"37,46";"37,46"
"1525071600";"30.04.2018 10:00";"37,12";"37,12";"37,12";"37,12"
"1525075200";"30.04.2018 11:00";"36,11";"36,11";"36,11";"36,11"
"1525078800";"30.04.2018 12:00";"35,08";"35,08";"35,08";"35,08"
"1525082400";"30.04.2018 13:00";"34,96";"34,96";"34,96";"34,96"
"1525086000";"30.04.2018 14:00";"35,06";"35,06";"35,06";"35,06"
"1525089600";"30.04.2018 15:00";"35,05";"35,05";"35,05";"35,05"
"1525093200";"30.04.2018 16:00";"32,69";"32,69";"32,69";"32,69"
"1525096800";"30.04.2018 17:00";"30,09";"30,09";"30,09";"30,09"
"1525100400";"30.04.2018 18:00";"30,99";"30,99";"30,99";"30,99"
"1525104000";"30.04.2018 19:00";"30,99";"30,99";"30,99";"30,99"
"1525107600";"30.04.2018 20:00";"33,81";"33,81";"33,81";"33,81"
"1525111200";"30.04.2018 21:00";"34,43";"34,43";"34,43";"34,43"
"1525114800";"30.04.2018 22:00";"33,49";"33,49";"33,49";"33,49"
"1525118400";"30.04.2018 23:00";"33,09";"33,09";"33,09";"33,09"
"1525122000";"01.05.2018 00:00";"30,78";"30,78";"30,78";"30,78"
"1525125600";"01.05.2018 01:00";"18,91";"18,91";"18,91";"18,91"
"1525129200";"01.05.2018 02:00";"10,99";"10,99";"10,99";"10,99"
"1525132800";"01.05.2018 03:00";"8,42";"8,42";"8,42";"8,42"
"1525136400";"01.05.2018 04:00";"5,88";"5,88";"5,88";"5,88"
"1525140000";"01.05.2018 05:00";"4,5";"4,5";"4,5";"4,5"
"1525143600";"01.05.2018 06:00";"4,07";"4,07";"4,07";"4,07"
"1525147200";"01.05.2018 07:00";"4,91";"4,91";"4,91";"4,91"
"1525150800";"01.05.2018 08:00";"14,98";"14,98";"14,98";"14,98"
"1525154400";"01.05.2018 09:00";"24,34";"24,34";"24,34";"24,34"
"1525158000";"01.05.2018 10:00";"28,99";"28,99";"28,99";"28,99"
"1525161600";"01.05.2018 11:00";"31,03";"31,03";"31,03";"31,03"
"1525165200";"01.05.2018 12:00";"28,67";"28,67";"28,67";"28,67"
"1525168800";"01.05.2018 13:00";"25,48";"25,48";"25,48";"25,48"
"1525172400";"01.05.2018 14:00";"21,93";"21,93";"21,93";"21,93"
"1525176000";"01.05.2018 15:00";"21,91";"21,91";"21,91";"21,91"
"1525179600";"01.05.2018 16:00";"23,94";"23,94";"23,94";"23,94"
"1525183200";"01.05.2018 17:00";"26,24";"26,24";"26,24";"26,24"
"1525186800";"01.05.2018 18:00";"30,32";"30,32";"30,32";"30,32"
"1525190400";"01.05.2018 19:00";"31,01";"31,01";"31,01";"31,01"
"1525194000";"01.05.2018 20:00";"29,37";"29,37";"29,37";"29,37"
"1525197600";"01.05.2018 21:00";"28,85";"28,85";"28,85";"28,85"
"1525201200";"01.05.2018 22:00";"30,98";"30,98";"30,98";"30,98"
"1525204800";"01.05.2018 23:00";"32,02";"32,02";"32,02";"32,02"
"1525208400";"02.05.2018 00:00";"27,93";"27,93";"27,93";"27,93"
"1525212000";"02.05.2018 01:00";"25,06";"25,06";"25,06";"25,06"
"1525215600";"02.05.2018 02:00";"21,26";"21,26";"21,26";"21,26"
"1525219200";"02.05.2018 03:00";"28,18";"28,18";"28,18";"28,18"
"1525222800";"02.05.2018 04:00";"27,68";"27,68";"27,68";"27,68"
"1525226400";"02.05.2018 05:00";"30,23";"30,23";"30,23";"30,23"
"1525230000";"02.05.2018 06:00";"36,03";"36,03";"36,03";"36,03"
"1525233600";"02.05.2018 07:00";"37,92";"37,92";"37,92";"37,92"
"1525237200";"02.05.2018 08:00";"39,81";"39,81";"39,81";"39,81"
"1525240800";"02.05.2018 09:00";"40,5";"40,5";"40,5";"40,5"
"1525244400";"02.05.2018 10:00";"52,93";"52,93";"40,25";"40,25"
"1525248000";"02.05.2018 11:00";"53,47";"53,47";"39,95";"39,95"
"1525251600";"02.05.2018 12:00";"53,46";"53,46";"39,02";"39,02"
"1525255200";"02.05.2018 13:00";"53,39";"53,39";"38,1";"38,1"
"1525258800";"02.05.2018 14:00";"42,09";"42,09";"37,62";"37,62"
"1525262400";"02.05.2018 15:00";"42,09";"42,09";"37,55";"37,55"
"1525266000";"02.05.2018 16:00";"42,07";"42,07";"37,54";"37,54"
"1525269600";"02.05.2018 17:00";"42,05";"42,05";"37,69";"37,69"
"1525273200";"02.05.2018 18:00";"38,02";"38,02";"37,99";"37,99"
"1525276800";"02.05.2018 19:00";"38,07";"38,07";"38,07";"38,07"
"1525280400";"02.05.2018 20:00";"38,09";"38,09";"38,09";"38,09"
"1525284000";"02.05.2018 21:00";"38,1";"38,1";"38,1";"38,1"
"1525287600";"02.05.2018 22:00";"42,01";"42,01";"38,05";"38,05"
"1525291200";"02.05.2018 23:00";"37,59";"37,59";"37,59";"37,59"
"1525294800";"03.05.2018 00:00";"36,03";"36,03";"36,03";"36,03"
"1525298400";"03.05.2018 01:00";"34,23";"34,23";"34,23";"34,23"
"1525302000";"03.05.2018 02:00";"32,12";"32,12";"32,12";"32,12"
"1525305600";"03.05.2018 03:00";"31,16";"31,16";"31,16";"31,16"
"1525309200";"03.05.2018 04:00";"30,53";"30,53";"30,53";"30,53"
"1525312800";"03.05.2018 05:00";"32,22";"32,22";"32,22";"32,22"
"1525316400";"03.05.2018 06:00";"35,13";"35,13";"35,13";"35,13"
"1525320000";"03.05.2018 07:00";"37,64";"37,64";"37,64";"37,64"
"1525323600";"03.05.2018 08:00";"87,51";"87,51";"87,51";"87,51"
"1525327200";"03.05.2018 09:00";"164,62";"164,62";"164,62";"164,62"
"1525330800";"03.05.2018 10:00";"200,03";"200,03";"200,03";"200,03"
"1525334400";"03.05.2018 11:00";"129,97";"129,97";"129,97";"129,97"
"1525338000";"03.05.2018 12:00";"93,35";"93,35";"93,35";"93,35"
"1525341600";"03.05.2018 13:00";"78,11";"78,11";"78,11";"78,11"
"1525345200";"03.05.2018 14:00";"54,02";"54,02";"54,02";"54,02"
"1525348800";"03.05.2018 15:00";"37,47";"37,47";"37,09";"37,09"
"1525352400";"03.05.2018 16:00";"36,46";"36,46";"36,46";"36,46"
"1525356000";"03.05.2018 17:00";"36,49";"36,49";"36,49";"36,49"
"1525359600";"03.05.2018 18:00";"37,49";"37,49";"37,49";"37,49"
"1525363200";"03.05.2018 19:00";"41,15";"41,15";"41,15";"41,15"
"1525366800";"03.05.2018 20:00";"41,76";"41,76";"41,17";"41,17"
"1525370400";"03.05.2018 21:00";"45,28";"45,28";"37,6";"37,6"
"1525374000";"03.05.2018 22:00";"38,01";"38,01";"37,36";"37,36"
"1525377600";"03.05.2018 23:00";"37,28";"37,28";"37,28";"37,28"
"1525381200";"04.05.2018 00:00";"35";"35";"35";"35"
"1525384800";"04.05.2018 01:00";"30";"30";"30";"30"
"1525388400";"04.05.2018 02:00";"26,07";"26,07";"26,07";"26,07"
"1525392000";"04.05.2018 03:00";"26,02";"26,02";"26,02";"26,02"
"1525395600";"04.05.2018 04:00";"28,54";"28,54";"28,54";"28,54"
"1525399200";"04.05.2018 05:00";"30,08";"30,08";"30,08";"30,08"
"1525402800";"04.05.2018 06:00";"36,12";"36,12";"36,12";"36,12"
"1525406400";"04.05.2018 07:00";"38";"38";"38";"38"
"1525410000";"04.05.2018 08:00";"46,61";"46,61";"41,75";"41,75"
"1525413600";"04.05.2018 09:00";"52,93";"52,93";"52,93";"52,93"
"1525417200";"04.05.2018 10:00";"55,47";"55,47";"47,19";"47,19"
"1525420800";"04.05.2018 11:00";"55,47";"55,47";"48,07";"48,07"
"1525424400";"04.05.2018 12:00";"56,55";"56,55";"54,69";"54,69"
"1525428000";"04.05.2018 13:00";"51,08";"51,08";"51,08";"51,08"
"1525431600";"04.05.2018 14:00";"58,53";"58,53";"58,53";"58,53"
"1525435200";"04.05.2018 15:00";"52,72";"52,72";"37,1";"37,1"
"1525438800";"04.05.2018 16:00";"46,6";"46,6";"36,28";"36,28"
"1525442400";"04.05.2018 17:00";"46,33";"46,33";"36,91";"36,91"
"1525446000";"04.05.2018 18:00";"43,08";"43,08";"37,73";"37,73"
"1525449600";"04.05.2018 19:00";"44,09";"44,09";"44,09";"44,09"
"1525453200";"04.05.2018 20:00";"45,06";"45,06";"45,06";"45,06"
"1525456800";"04.05.2018 21:00";"46,44";"46,44";"37,36";"37,36"
"1525460400";"04.05.2018 22:00";"45,78";"45,78";"37,19";"37,19"
"1525464000";"04.05.2018 23:00";"36,81";"36,81";"36,81";"36,81"
"1525467600";"05.05.2018 00:00";"33,96";"33,96";"33,96";"33,96"
"1525471200";"05.05.2018 01:00";"33,53";"33,53";"33,53";"33,53"
"1525474800";"05.05.2018 02:00";"30,07";"30,07";"30,07";"30,07"
"1525478400";"05.05.2018 03:00";"28,03";"28,03";"28,03";"28,03"
"1525482000";"05.05.2018 04:00";"25,98";"25,98";"25,98";"25,98"
"1525485600";"05.05.2018 05:00";"25,52";"25,52";"25,52";"25,52"
"1525489200";"05.05.2018 06:00";"27,02";"27,02";"27,02";"27,02"
"1525492800";"05.05.2018 07:00";"30,74";"30,74";"30,74";"30,74"
"1525496400";"05.05.2018 08:00";"34,9";"34,9";"34,9";"34,9"
"1525500000";"05.05.2018 09:00";"35,51";"35,51";"35,51";"35,51"
"1525503600";"05.05.2018 10:00";"35,65";"35,65";"35,65";"35,65"
"1525507200";"05.05.2018 11:00";"35,46";"35,46";"35,46";"35,46"
"1525510800";"05.05.2018 12:00";"34,97";"34,97";"34,97";"34,97"
"1525514400";"05.05.2018 13:00";"33,05";"33,05";"33,05";"33,05"
"1525518000";"05.05.2018 14:00";"31,81";"31,81";"31,81";"31,81"
"1525521600";"05.05.2018 15:00";"31,38";"31,38";"31,38";"31,38"
"1525525200";"05.05.2018 16:00";"31,1";"31,1";"31,1";"31,1"
"1525528800";"05.05.2018 17:00";"31,99";"31,99";"31,99";"31,99"
"1525532400";"05.05.2018 18:00";"32,99";"32,99";"32,99";"32,99"
"1525536000";"05.05.2018 19:00";"34,94";"34,94";"34,94";"34,94"
"1525539600";"05.05.2018 20:00";"35,05";"35,05";"35,05";"35,05"
"1525543200";"05.05.2018 21:00";"34,91";"34,91";"34,91";"34,91"
"1525546800";"05.05.2018 22:00";"34,08";"34,08";"34,08";"34,08"
"1525550400";"05.05.2018 23:00";"31,48";"31,48";"31,48";"31,48"
"1525554000";"06.05.2018 00:00";"20,8";"20,8";"20,8";"20,8"
"1525557600";"06.05.2018 01:00";"20,86";"20,86";"20,86";"20,86"
"1525561200";"06.05.2018 02:00";"21,64";"21,64";"21,64";"21,64"
"1525564800";"06.05.2018 03:00";"15,02";"15,02";"15,02";"15,02"
"1525568400";"06.05.2018 04:00";"5,06";"5,06";"5,06";"5,06"
"1525572000";"06.05.2018 05:00";"4,36";"4,36";"4,36";"4,36"
"1525575600";"06.05.2018 06:00";"4,22";"4,22";"4,22";"4,22"
"1525579200";"06.05.2018 07:00";"4,75";"4,75";"4,75";"4,75"
"1525582800";"06.05.2018 08:00";"14,99";"14,99";"14,99";"14,99"
"1525586400";"06.05.2018 09:00";"21,1";"21,1";"21,1";"21,1"
"1525590000";"06.05.2018 10:00";"26,68";"26,68";"26,68";"26,68"
"1525593600";"06.05.2018 11:00";"25,98";"25,98";"25,98";"25,98"
"1525597200";"06.05.2018 12:00";"21,3";"21,3";"21,3";"21,3"
"1525600800";"06.05.2018 13:00";"20,85";"20,85";"20,85";"20,85"
"1525604400";"06.05.2018 14:00";"18,26";"18,26";"18,26";"18,26"
"1525608000";"06.05.2018 15:00";"15,6";"15,6";"15,6";"15,6"
"1525611600";"06.05.2018 16:00";"14,16";"14,16";"14,16";"14,16"
"1525615200";"06.05.2018 17:00";"20,83";"20,83";"20,83";"20,83"
"1525618800";"06.05.2018 18:00";"25,09";"25,09";"25,09";"25,09"
"1525622400";"06.05.2018 19:00";"30,42";"30,42";"30,42";"30,42"
"1525626000";"06.05.2018 20:00";"33,06";"33,06";"33,06";"33,06"
"1525629600";"06.05.2018 21:00";"33,53";"33,53";"33,53";"33,53"
"1525633200";"06.05.2018 22:00";"33,45";"33,45";"33,45";"33,45"
"1525636800";"06.05.2018 23:00";"30,46";"30,46";"30,46";"30,46"
"1525640400";"07.05.2018 00:00";"20,88";"20,88";"20,88";"20,88"
"1525644000";"07.05.2018 01:00";"4,76";"4,76";"4,76";"4,76"
"1525647600";"07.05.2018 02:00";"4,55";"4,55";"4,55";"4,55"
"1525651200";"07.05.2018 03:00";"4,76";"4,76";"4,76";"4,76"
"1525654800";"07.05.2018 04:00";"4,42";"4,42";"4,42";"4,42"
"1525658400";"07.05.2018 05:00";"4,06";"4,06";"4,06";"4,06"
"1525662000";"07.05.2018 06:00";"26,45";"26,45";"26,45";"26,45"
"1525665600";"07.05.2018 07:00";"36,41";"36,41";"36,41";"36,41"
"1525669200";"07.05.2018 08:00";"41,16";"41,16";"41,16";"41,16"
"1525672800";"07.05.2018 09:00";"45,14";"45,14";"45,14";"45,14"
"1525676400";"07.05.2018 10:00";"41,13";"41,13";"41,13";"41,13"
"1525680000";"07.05.2018 11:00";"40,08";"40,08";"40,08";"40,08"
"1525683600";"07.05.2018 12:00";"40,05";"40,05";"33,87";"33,87"
"1525687200";"07.05.2018 13:00";"40,07";"40,07";"33,22";"33,22"
"1525690800";"07.05.2018 14:00";"40,05";"40,05";"32,73";"32,73"
"1525694400";"07.05.2018 15:00";"40,07";"40,07";"28,46";"28,46"
"1525698000";"07.05.2018 16:00";"40,05";"40,05";"20,89";"20,89"
"1525701600";"07.05.2018 17:00";"40,02";"40,02";"19,01";"20,82"
"1525705200";"07.05.2018 18:00";"40,01";"40,01";"31,06";"31,06"
"1525708800";"07.05.2018 19:00";"33,6";"33,6";"33,6";"33,6"
"1525712400";"07.05.2018 20:00";"34,01";"34,01";"34,01";"34,01"
"1525716000";"07.05.2018 21:00";"32,2";"32,2";"32,2";"32,2"
"1525719600";"07.05.2018 22:00";"32,37";"32,37";"32,37";"32,37"
"1525723200";"07.05.2018 23:00";"14,95";"14,95";"14,95";"14,95"
"1525726800";"08.05.2018 00:00";"4,26";"4,26";"4,26";"4,26"
"1525730400";"08.05.2018 01:00";"4,11";"4,11";"4,11";"4,11"
"1525734000";"08.05.2018 02:00";"20,02";"20,02";"6,93";"6,93"
"1525737600";"08.05.2018 03:00";"20,02";"20,02";"6,71";"6,71"
"1525741200";"08.05.2018 04:00";"20,03";"20,03";"8,65";"8,65"
"1525744800";"08.05.2018 05:00";"4,96";"4,96";"4,96";"4,96"
"1525748400";"08.05.2018 06:00";"26,3";"26,3";"26,3";"26,3"
"1525752000";"08.05.2018 07:00";"43,07";"43,07";"33,18";"33,18"
"1525755600";"08.05.2018 08:00";"68,71";"68,71";"68,71";"68,71"
"1525759200";"08.05.2018 09:00";"78,04";"78,04";"78,04";"78,04"
"1525762800";"08.05.2018 10:00";"70,74";"70,74";"70,74";"70,74"
"1525766400";"08.05.2018 11:00";"75,02";"75,02";"75,02";"75,02"
"1525770000";"08.05.2018 12:00";"63,03";"63,03";"63,03";"63,03"
"1525773600";"08.05.2018 13:00";"62,3";"62,3";"62,3";"62,3"
"1525777200";"08.05.2018 14:00";"62,1";"62,1";"62,1";"62,1"
"1525780800";"08.05.2018 15:00";"51,81";"51,81";"51,81";"51,81"
"1525784400";"08.05.2018 16:00";"52,91";"52,91";"52,91";"52,91"
"1525788000";"08.05.2018 17:00";"46,04";"46,04";"46,04";"46,04"
"1525791600";"08.05.2018 18:00";"47,13";"47,13";"47,13";"47,13"
"1525795200";"08.05.2018 19:00";"47,03";"47,03";"47,03";"47,03"
"1525798800";"08.05.2018 20:00";"46,08";"46,08";"46,08";"46,08"
"1525802400";"08.05.2018 21:00";"32,85";"32,85";"32,85";"32,85"
"1525806000";"08.05.2018 22:00";"33,13";"33,13";"33,13";"33,13"
"1525809600";"08.05.2018 23:00";"24,1";"24,1";"24,1";"24,1"
"1525813200";"09.05.2018 00:00";"4";"4";"4";"4"
"1525816800";"09.05.2018 01:00";"1,77";"1,77";"1,77";"1,77"
"1525820400";"09.05.2018 02:00";"1,59";"1,59";"1,59";"1,59"
"1525824000";"09.05.2018 03:00";"1,65";"1,65";"1,65";"1,65"
"1525827600";"09.05.2018 04:00";"1,75";"1,75";"1,75";"1,75"
"1525831200";"09.05.2018 05:00";"1,93";"1,93";"1,93";"1,93"
"1525834800";"09.05.2018 06:00";"3,63";"3,63";"3,63";"3,63"
"1525838400";"09.05.2018 07:00";"9,5";"9,5";"9,5";"9,5"
"1525842000";"09.05.2018 08:00";"34,08";"34,08";"33,54";"34,08"
"1525845600";"09.05.2018 09:00";"35,34";"35,34";"35,34";"35,34"
"1525849200";"09.05.2018 10:00";"34,53";"34,53";"34,53";"34,53"
"1525852800";"09.05.2018 11:00";"33,76";"33,76";"33,76";"33,76"
"1525856400";"09.05.2018 12:00";"32,63";"32,63";"32,63";"32,63"
"1525860000";"09.05.2018 13:00";"32,15";"32,15";"32,15";"32,15"
"1525863600";"09.05.2018 14:00";"28,89";"28,89";"28,89";"28,89"
"1525867200";"09.05.2018 15:00";"27,1";"27,1";"27,1";"27,1"
"1525870800";"09.05.2018 16:00";"46,05";"46,05";"23,77";"46,05"
"1525874400";"09.05.2018 17:00";"9,87";"9,87";"9,87";"9,87"
"1525878000";"09.05.2018 18:00";"10,07";"10,07";"10,07";"10,07"
"1525881600";"09.05.2018 19:00";"9,31";"9,31";"9,31";"9,31"
"1525885200";"09.05.2018 20:00";"10,28";"10,28";"10,28";"10,28"
"1525888800";"09.05.2018 21:00";"10,75";"10,75";"10,75";"10,75"
"1525892400";"09.05.2018 22:00";"22,4";"22,4";"22,4";"22,4"
"1525896000";"09.05.2018 23:00";"7,19";"7,19";"7,19";"7,19"
"1525899600";"10.05.2018 00:00";"3,75";"3,75";"3,75";"3,75"
"1525903200";"10.05.2018 01:00";"2,89";"2,89";"2,89";"2,89"
"1525906800";"10.05.2018 02:00";"2,24";"2,24";"2,24";"2,24"
"1525910400";"10.05.2018 03:00";"2,34";"2,34";"2,34";"2,34"
"1525914000";"10.05.2018 04:00";"2,42";"2,42";"2,42";"2,42"
"1525917600";"10.05.2018 05:00";"2,2";"2,2";"2,2";"2,2"
"1525921200";"10.05.2018 06:00";"2,99";"2,99";"2,99";"2,99"
"1525924800";"10.05.2018 07:00";"4,19";"4,19";"4,19";"4,19"
"1525928400";"10.05.2018 08:00";"15,09";"15,09";"15,09";"15,09"
"1525932000";"10.05.2018 09:00";"26,4";"26,4";"26,4";"26,4"
"1525935600";"10.05.2018 10:00";"26,93";"26,93";"26,93";"26,93"
"1525939200";"10.05.2018 11:00";"25,71";"25,71";"25,71";"25,71"
"1525942800";"10.05.2018 12:00";"26,19";"26,19";"26,19";"26,19"
"1525946400";"10.05.2018 13:00";"23,05";"23,05";"23,05";"23,05"
"1525950000";"10.05.2018 14:00";"20,88";"20,88";"20,88";"20,88"
"1525953600";"10.05.2018 15:00";"16,92";"16,92";"16,92";"16,92"
"1525957200";"10.05.2018 16:00";"16,98";"16,98";"16,98";"16,98"
"1525960800";"10.05.2018 17:00";"19,24";"19,24";"19,24";"19,24"
"1525964400";"10.05.2018 18:00";"22";"22";"22";"22"
"1525968000";"10.05.2018 19:00";"27,54";"27,54";"27,54";"27,54"
"1525971600";"10.05.2018 20:00";"25,08";"25,08";"25,08";"25,08"
"1525975200";"10.05.2018 21:00";"18,96";"18,96";"18,96";"18,96"
"1525978800";"10.05.2018 22:00";"16,84";"16,84";"16,84";"16,84"
"1525982400";"10.05.2018 23:00";"6,72";"6,72";"6,72";"6,72"
"1525986000";"11.05.2018 00:00";"4,08";"4,08";"4,08";"4,08"
"1525989600";"11.05.2018 01:00";"3,08";"3,08";"3,08";"3,08"
"1525993200";"11.05.2018 02:00";"2,69";"2,69";"2,69";"2,69"
"1525996800";"11.05.2018 03:00";"2,98";"2,98";"2,98";"2,98"
"1526000400";"11.05.2018 04:00";"3,17";"3,17";"3,17";"3,17"
"1526004000";"11.05.2018 05:00";"3,62";"3,62";"3,62";"3,62"
"1526007600";"11.05.2018 06:00";"17,26";"17,26";"17,26";"17,26"
"1526011200";"11.05.2018 07:00";"31,97";"31,97";"31,97";"31,97"
"1526014800";"11.05.2018 08:00";"37,57";"37,57";"37,57";"37,57"
"1526018400";"11.05.2018 09:00";"39,91";"39,91";"39,91";"39,91"
"1526022000";"11.05.2018 10:00";"40,95";"40,95";"40,95";"40,95"
"1526025600";"11.05.2018 11:00";"41,33";"41,33";"41,33";"41,33"
"1526029200";"11.05.2018 12:00";"40,48";"40,48";"40,48";"40,48"
"1526032800";"11.05.2018 13:00";"39,29";"39,29";"39,29";"39,29"
"1526036400";"11.05.2018 14:00";"38,07";"38,07";"38,07";"38,07"
"1526040000";"11.05.2018 15:00";"37,44";"37,44";"37,44";"37,44"
"1526043600";"11.05.2018 16:00";"37,13";"37,13";"37,13";"37,13"
"1526047200";"11.05.2018 17:00";"37,01";"37,01";"37,01";"37,01"
"1526050800";"11.05.2018 18:00";"35,83";"35,83";"35,83";"35,83"
"1526054400";"11.05.2018 19:00";"33,55";"33,55";"33,55";"33,55"
"1526058000";"11.05.2018 20:00";"33,03";"33,03";"33,03";"33,03"
"1526061600";"11.05.2018 21:00";"31,64";"31,64";"31,64";"31,64"
"1526065200";"11.05.2018 22:00";"32,41";"32,41";"32,41";"32,41"
"1526068800";"11.05.2018 23:00";"31,54";"31,54";"31,54";"31,54"
"1526072400";"12.05.2018 00:00";"30,05";"30,05";"30,05";"30,05"
"1526076000";"12.05.2018 01:00";"31,84";"31,84";"31,84";"31,84"
"1526079600";"12.05.2018 02:00";"30,02";"30,02";"30,02";"30,02"
"1526083200";"12.05.2018 03:00";"28,28";"28,28";"28,28";"28,28"
"1526086800";"12.05.2018 04:00";"28,25";"28,25";"28,25";"28,25"
"1526090400";"12.05.2018 05:00";"28,04";"28,04";"28,04";"28,04"
"1526094000";"12.05.2018 06:00";"27,99";"27,99";"27,99";"27,99"
"1526097600";"12.05.2018 07:00";"29,06";"29,06";"29,06";"29,06"
"1526101200";"12.05.2018 08:00";"32,04";"32,04";"32,04";"32,04"
"1526104800";"12.05.2018 09:00";"32,99";"32,99";"32,99";"32,99"
"1526108400";"12.05.2018 10:00";"36,71";"36,71";"36,71";"36,71"
"1526112000";"12.05.2018 11:00";"33,46";"33,46";"33,46";"33,46"
"1526115600";"12.05.2018 12:00";"32,41";"32,41";"32,41";"32,41"
"1526119200";"12.05.2018 13:00";"30,31";"30,31";"30,31";"30,31"
"1526122800";"12.05.2018 14:00";"30,01";"30,01";"30,01";"30,01"
"1526126400";"12.05.2018 15:00";"28,43";"28,43";"28,43";"28,43"
"1526130000";"12.05.2018 16:00";"28,07";"28,07";"28,07";"28,07"
"1526133600";"12.05.2018 17:00";"27,69";"27,69";"27,69";"27,69"
"1526137200";"12.05.2018 18:00";"31,38";"31,38";"31,38";"31,38"
"1526140800";"12.05.2018 19:00";"34,46";"34,46";"34,46";"34,46"
"1526144400";"12.05.2018 20:00";"33,2";"33,2";"33,2";"33,2"
"1526148000";"12.05.2018 21:00";"32,98";"32,98";"32,98";"32,98"
"1526151600";"12.05.2018 22:00";"33,18";"33,18";"33,18";"33,18"
"1526155200";"12.05.2018 23:00";"32,33";"32,33";"32,33";"32,33"
"1526158800";"13.05.2018 00:00";"19,5";"19,5";"19,5";"19,5"
"1526162400";"13.05.2018 01:00";"26,68";"26,68";"26,68";"26,68"
"1526166000";"13.05.2018 02:00";"20,89";"20,89";"20,89";"20,89"
"1526169600";"13.05.2018 03:00";"17,06";"17,06";"17,06";"17,06"
"1526173200";"13.05.2018 04:00";"14,92";"14,92";"14,92";"14,92"
"1526176800";"13.05.2018 05:00";"14,88";"14,88";"14,88";"14,88"
"1526180400";"13.05.2018 06:00";"13,77";"13,77";"13,77";"13,77"
"1526184000";"13.05.2018 07:00";"14,03";"14,03";"14,03";"14,03"
"1526187600";"13.05.2018 08:00";"15,37";"15,37";"15,37";"15,37"
"1526191200";"13.05.2018 09:00";"17,74";"17,74";"17,74";"17,74"
"1526194800";"13.05.2018 10:00";"24,9";"24,9";"24,9";"24,9"
"1526198400";"13.05.2018 11:00";"28,14";"28,14";"28,14";"28,14"
"1526202000";"13.05.2018 12:00";"22,8";"22,8";"22,8";"22,8"
"1526205600";"13.05.2018 13:00";"18,4";"18,4";"18,4";"18,4"
"1526209200";"13.05.2018 14:00";"13,51";"13,51";"13,51";"13,51"
"1526212800";"13.05.2018 15:00";"10,18";"10,18";"10,18";"10,18"
"1526216400";"13.05.2018 16:00";"9,89";"9,89";"9,89";"9,89"
"1526220000";"13.05.2018 17:00";"11,02";"11,02";"11,02";"11,02"
"1526223600";"13.05.2018 18:00";"17,33";"17,33";"17,33";"17,33"
"1526227200";"13.05.2018 19:00";"23,49";"23,49";"23,49";"23,49"
"1526230800";"13.05.2018 20:00";"26,97";"26,97";"26,97";"26,97"
"1526234400";"13.05.2018 21:00";"25,13";"25,13";"25,13";"25,13"
"1526238000";"13.05.2018 22:00";"24,07";"24,07";"24,07";"24,07"
"1526241600";"13.05.2018 23:00";"24,05";"24,05";"24,05";"24,05"
"1526245200";"14.05.2018 00:00";"19,42";"19,42";"19,42";"19,42"
"1526248800";"14.05.2018 01:00";"19,78";"19,78";"19,78";"19,78"
"1526252400";"14.05.2018 02:00";"16,28";"16,28";"16,28";"16,28"
"1526256000";"14.05.2018 03:00";"14,13";"14,13";"14,13";"14,13"
"1526259600";"14.05.2018 04:00";"14,87";"14,87";"14,87";"14,87"
"1526263200";"14.05.2018 05:00";"15,62";"15,62";"15,62";"15,62"
"1526266800";"14.05.2018 06:00";"26,26";"26,26";"26,26";"26,26"
"1526270400";"14.05.2018 07:00";"43,06";"43,06";"43,06";"43,06"
"1526274000";"14.05.2018 08:00";"78,02";"78,02";"78,02";"78,02"
"1526277600";"14.05.2018 09:00";"199,91";"199,91";"199,91";"199,91"
"1526281200";"14.05.2018 10:00";"78,91";"78,91";"78,91";"78,91"
"1526284800";"14.05.2018 11:00";"73,95";"73,95";"73,95";"73,95"
"1526288400";"14.05.2018 12:00";"66,7";"66,7";"66,7";"66,7"
"1526292000";"14.05.2018 13:00";"70,16";"70,16";"70,16";"70,16"
"1526295600";"14.05.2018 14:00";"74,18";"74,18";"74,18";"74,18"
"1526299200";"14.05.2018 15:00";"64,48";"64,48";"46,61";"46,61"
"1526302800";"14.05.2018 16:00";"61,65";"61,65";"39,23";"39,23"
"1526306400";"14.05.2018 17:00";"57,6";"57,6";"37,42";"37,42"
"1526310000";"14.05.2018 18:00";"55,96";"55,96";"39,14";"39,14"
"1526313600";"14.05.2018 19:00";"54,73";"54,73";"53,05";"53,05"
"1526317200";"14.05.2018 20:00";"57,74";"57,74";"44,98";"44,98"
"1526320800";"14.05.2018 21:00";"61,86";"61,86";"40,87";"40,87"
"1526324400";"14.05.2018 22:00";"57,55";"57,55";"40,71";"40,71"
"1526328000";"14.05.2018 23:00";"42,35";"42,35";"37,3";"37,3"
"1526331600";"15.05.2018 00:00";"32,25";"32,25";"32,25";"32,25"
"1526335200";"15.05.2018 01:00";"36,1";"36,1";"32,36";"32,36"
"1526338800";"15.05.2018 02:00";"36,01";"36,01";"30,24";"30,24"
"1526342400";"15.05.2018 03:00";"36,02";"36,02";"28,85";"28,85"
"1526346000";"15.05.2018 04:00";"34,05";"34,05";"28,02";"28,02"
"1526349600";"15.05.2018 05:00";"30,01";"30,01";"30,01";"30,01"
"1526353200";"15.05.2018 06:00";"38,57";"38,57";"32,58";"32,58"
"1526356800";"15.05.2018 07:00";"46,64";"46,64";"46,64";"46,64"
"1526360400";"15.05.2018 08:00";"76,04";"76,04";"76,04";"76,04"
"1526364000";"15.05.2018 09:00";"94,81";"94,81";"94,81";"94,81"
"1526367600";"15.05.2018 10:00";"93,51";"93,51";"93,51";"93,51"
"1526371200";"15.05.2018 11:00";"86,46";"86,46";"86,46";"86,46"
"1526374800";"15.05.2018 12:00";"85,66";"85,66";"75,55";"75,55"
"1526378400";"15.05.2018 13:00";"93,93";"93,93";"71,29";"71,29"
"1526382000";"15.05.2018 14:00";"94,08";"94,08";"65,08";"65,08"
"1526385600";"15.05.2018 15:00";"69,26";"69,26";"41,07";"41,07"
"1526389200";"15.05.2018 16:00";"58,84";"58,84";"40,5";"40,5"
"1526392800";"15.05.2018 17:00";"58,59";"58,59";"37,87";"37,87"
"1526396400";"15.05.2018 18:00";"59,56";"59,56";"41,07";"41,07"
"1526400000";"15.05.2018 19:00";"59,2";"59,2";"45";"45"
"1526403600";"15.05.2018 20:00";"57,88";"57,88";"42,18";"42,18"
"1526407200";"15.05.2018 21:00";"58,87";"58,87";"36,28";"36,28"
"1526410800";"15.05.2018 22:00";"47,08";"47,08";"36,94";"36,94"
"1526414400";"15.05.2018 23:00";"46,08";"46,08";"35,03";"35,03"
"1526418000";"16.05.2018 00:00";"32,35";"32,35";"32,35";"32,35"
"1526421600";"16.05.2018 01:00";"38,7";"38,7";"33,81";"33,81"
"1526425200";"16.05.2018 02:00";"38,97";"38,97";"32,35";"32,35"
"1526428800";"16.05.2018 03:00";"40,11";"40,11";"31,93";"31,93"
"1526432400";"16.05.2018 04:00";"39,95";"39,95";"31,22";"31,22"
"1526436000";"16.05.2018 05:00";"38,69";"38,69";"31,03";"31,03"
"1526439600";"16.05.2018 06:00";"38,7";"38,7";"34,06";"34,06"
"1526443200";"16.05.2018 07:00";"48,74";"48,74";"46,18";"46,18"
"1526446800";"16.05.2018 08:00";"200,01";"200,01";"98,01";"98,01"
"1526450400";"16.05.2018 09:00";"205,05";"205,05";"200,05";"200,05"
"1526454000";"16.05.2018 10:00";"219,95";"219,95";"219,95";"219,95"
"1526457600";"16.05.2018 11:00";"205,06";"205,06";"198,1";"198,1"
"1526461200";"16.05.2018 12:00";"200,02";"200,02";"189,04";"189,04"
"1526464800";"16.05.2018 13:00";"255,03";"255,03";"121,03";"121,03"
"1526468400";"16.05.2018 14:00";"205,09";"205,09";"98,04";"98,04"
"1526472000";"16.05.2018 15:00";"110,96";"110,96";"38,17";"38,17"
"1526475600";"16.05.2018 16:00";"91,12";"91,12";"36,3";"36,3"
"1526479200";"16.05.2018 17:00";"70,12";"70,12";"36,01";"36,01"
"1526482800";"16.05.2018 18:00";"59,38";"59,38";"40,3";"40,3"
"1526486400";"16.05.2018 19:00";"58,49";"58,49";"46,19";"46,19"
"1526490000";"16.05.2018 20:00";"58,73";"58,73";"46,14";"46,14"
"1526493600";"16.05.2018 21:00";"61,51";"61,51";"35,18";"35,18"
"1526497200";"16.05.2018 22:00";"58,54";"58,54";"34,71";"34,71"
"1526500800";"16.05.2018 23:00";"32,89";"32,89";"32,89";"32,89"
"1526504400";"17.05.2018 00:00";"28,02";"28,02";"20,64";"20,64"
"1526508000";"17.05.2018 01:00";"38,7";"38,7";"19,93";"19,93"
"1526511600";"17.05.2018 02:00";"26,07";"26,07";"10,06";"10,06"
"1526515200";"17.05.2018 03:00";"34,04";"34,04";"5,17";"5,17"
"1526518800";"17.05.2018 04:00";"34,05";"34,05";"5,12";"5,12"
"1526522400";"17.05.2018 05:00";"40,7";"40,7";"4,89";"4,89"
"1526526000";"17.05.2018 06:00";"40,79";"40,79";"24,87";"24,87"
"1526529600";"17.05.2018 07:00";"49,37";"49,37";"38,66";"38,66"
"1526533200";"17.05.2018 08:00";"200,02";"200,02";"48,3";"48,3"
"1526536800";"17.05.2018 09:00";"91,08";"91,08";"58,49";"58,49"
"1526540400";"17.05.2018 10:00";"91,01";"91,01";"61,09";"61,09"
"1526544000";"17.05.2018 11:00";"91,93";"91,93";"55,97";"55,97"
"1526547600";"17.05.2018 12:00";"85,23";"85,23";"58,09";"58,09"
"1526551200";"17.05.2018 13:00";"91,08";"91,08";"54,27";"54,27"
"1526554800";"17.05.2018 14:00";"95,02";"95,02";"53,05";"53,05"
"1526558400";"17.05.2018 15:00";"67,67";"67,67";"34,57";"34,57"
"1526562000";"17.05.2018 16:00";"95,06";"95,06";"33,39";"33,39"
"1526565600";"17.05.2018 17:00";"72,95";"72,95";"32,89";"32,89"
"1526569200";"17.05.2018 18:00";"60,72";"60,72";"35,21";"35,21"
"1526572800";"17.05.2018 19:00";"60,74";"60,74";"41,69";"41,69"
"1526576400";"17.05.2018 20:00";"61,71";"61,71";"39,91";"39,91"
"1526580000";"17.05.2018 21:00";"65,25";"65,25";"35,7";"35,7"
"1526583600";"17.05.2018 22:00";"58,74";"58,74";"35,18";"35,18"
"1526587200";"17.05.2018 23:00";"46,01";"46,01";"34,33";"34,33"
"1526590800";"18.05.2018 00:00";"28,95";"28,95";"28,95";"28,95"
"1526594400";"18.05.2018 01:00";"19,98";"19,98";"19,98";"19,98"
"1526598000";"18.05.2018 02:00";"15,34";"15,34";"15,34";"15,34"
"1526601600";"18.05.2018 03:00";"6";"6";"6";"6"
"1526605200";"18.05.2018 04:00";"5,96";"5,96";"5,96";"5,96"
"1526608800";"18.05.2018 05:00";"4,77";"4,77";"4,77";"4,77"
"1526612400";"18.05.2018 06:00";"32,22";"32,22";"32,22";"32,22"
"1526616000";"18.05.2018 07:00";"46,11";"46,11";"46,11";"46,11"
"1526619600";"18.05.2018 08:00";"58,41";"58,41";"58,41";"58,41"
"1526623200";"18.05.2018 09:00";"61,13";"61,13";"61,13";"61,13"
"1526626800";"18.05.2018 10:00";"61,1";"61,1";"61,1";"61,1"
"1526630400";"18.05.2018 11:00";"60,37";"60,37";"60,37";"60,37"
"1526634000";"18.05.2018 12:00";"60,76";"60,76";"60,76";"60,76"
"1526637600";"18.05.2018 13:00";"60,56";"60,56";"60,56";"60,56"
"1526641200";"18.05.2018 14:00";"61,12";"61,12";"52,88";"52,88"
"1526644800";"18.05.2018 15:00";"59,28";"59,28";"36,49";"36,49"
"1526648400";"18.05.2018 16:00";"56,93";"56,93";"35,26";"35,26"
"1526652000";"18.05.2018 17:00";"52,25";"52,25";"36,44";"36,44"
"1526655600";"18.05.2018 18:00";"47,28";"47,28";"37,97";"37,97"
"1526659200";"18.05.2018 19:00";"47,65";"47,65";"45,43";"45,43"
"1526662800";"18.05.2018 20:00";"52,3";"52,3";"45,08";"45,08"
"1526666400";"18.05.2018 21:00";"53,77";"53,77";"36,62";"36,62"
"1526670000";"18.05.2018 22:00";"49,21";"49,21";"36,24";"36,24"
"1526673600";"18.05.2018 23:00";"43,06";"43,06";"35,15";"35,15"
"1526677200";"19.05.2018 00:00";"33,73";"33,73";"33,73";"33,73"
"1526680800";"19.05.2018 01:00";"37,23";"37,23";"37,23";"37,23"
"1526684400";"19.05.2018 02:00";"35,18";"35,18";"35,18";"35,18"
"1526688000";"19.05.2018 03:00";"34,14";"34,14";"34,14";"34,14"
"1526691600";"19.05.2018 04:00";"33,97";"33,97";"33,97";"33,97"
"1526695200";"19.05.2018 05:00";"33,79";"33,79";"33,79";"33,79"
"1526698800";"19.05.2018 06:00";"33,84";"33,84";"33,84";"33,84"
"1526702400";"19.05.2018 07:00";"34,87";"34,87";"34,87";"34,87"
"1526706000";"19.05.2018 08:00";"43,02";"43,02";"35,23";"35,23"
"1526709600";"19.05.2018 09:00";"43,05";"43,05";"36,89";"36,89"
"1526713200";"19.05.2018 10:00";"43,07";"43,07";"38,07";"38,07"
"1526716800";"19.05.2018 11:00";"43,04";"43,04";"37,64";"37,64"
"1526720400";"19.05.2018 12:00";"35,54";"35,54";"35,54";"35,54"
"1526724000";"19.05.2018 13:00";"34,48";"34,48";"34,48";"34,48"
"1526727600";"19.05.2018 14:00";"43,06";"43,06";"33,85";"33,85"
"1526731200";"19.05.2018 15:00";"43,06";"43,06";"32,6";"32,6"
"1526734800";"19.05.2018 16:00";"43";"43";"32,22";"32,22"
"1526738400";"19.05.2018 17:00";"32,25";"32,25";"32,25";"32,25"
"1526742000";"19.05.2018 18:00";"44,41";"44,41";"34,84";"34,84"
"1526745600";"19.05.2018 19:00";"43";"43";"37,41";"37,41"
"1526749200";"19.05.2018 20:00";"42,24";"42,24";"36,75";"36,75"
"1526752800";"19.05.2018 21:00";"46,1";"46,1";"35,76";"35,76"
"1526756400";"19.05.2018 22:00";"46,04";"46,04";"35,93";"35,93"
"1526760000";"19.05.2018 23:00";"40,09";"40,09";"35,66";"35,66"
"1526763600";"20.05.2018 00:00";"31,7";"31,7";"31,7";"31,7"
"1526767200";"20.05.2018 01:00";"34,03";"34,03";"32,51";"32,51"
"1526770800";"20.05.2018 02:00";"34,04";"34,04";"27,71";"27,71"
"1526774400";"20.05.2018 03:00";"22,7";"22,7";"22,7";"22,7"
"1526778000";"20.05.2018 04:00";"22,61";"22,61";"22,61";"22,61"
"1526781600";"20.05.2018 05:00";"18,01";"18,01";"18,01";"18,01"
"1526785200";"20.05.2018 06:00";"17,06";"17,06";"17,06";"17,06"
"1526788800";"20.05.2018 07:00";"25,02";"25,02";"22,7";"22,7"
"1526792400";"20.05.2018 08:00";"27,56";"27,56";"27,56";"27,56"
"1526796000";"20.05.2018 09:00";"42,14";"42,14";"31,65";"31,65"
"1526799600";"20.05.2018 10:00";"40,22";"40,22";"32,5";"32,5"
"1526803200";"20.05.2018 11:00";"43";"43";"32,94";"32,94"
"1526806800";"20.05.2018 12:00";"43";"43";"32,31";"32,31"
"1526810400";"20.05.2018 13:00";"43,01";"43,01";"30,71";"30,71"
"1526814000";"20.05.2018 14:00";"42,4";"42,4";"26,69";"26,69"
"1526817600";"20.05.2018 15:00";"40,59";"40,59";"22,89";"22,89"
"1526821200";"20.05.2018 16:00";"39,17";"39,17";"19,26";"19,26"
"1526824800";"20.05.2018 17:00";"39,38";"39,38";"20,77";"20,77"
"1526828400";"20.05.2018 18:00";"39,87";"39,87";"25,9";"25,9"
"1526832000";"20.05.2018 19:00";"39,87";"39,87";"29,66";"29,66"
"1526835600";"20.05.2018 20:00";"39,8";"39,8";"27,93";"27,93"
"1526839200";"20.05.2018 21:00";"42,3";"42,3";"25,23";"25,23"
"1526842800";"20.05.2018 22:00";"42,41";"42,41";"25,8";"25,8"
"1526846400";"20.05.2018 23:00";"39,18";"39,18";"21,59";"21,59"
"1526850000";"21.05.2018 00:00";"26,59";"26,59";"15,27";"15,27"
"1526853600";"21.05.2018 01:00";"30";"30";"3,91";"3,91"
"1526857200";"21.05.2018 02:00";"3,04";"3,04";"3,04";"3,04"
"1526860800";"21.05.2018 03:00";"2,97";"2,97";"2,97";"2,97"
"1526864400";"21.05.2018 04:00";"3,1";"3,1";"3,1";"3,1"
"1526868000";"21.05.2018 05:00";"3,18";"3,18";"3,18";"3,18"
"1526871600";"21.05.2018 06:00";"19,4";"19,4";"19,4";"19,4"
"1526875200";"21.05.2018 07:00";"43,05";"43,05";"37,06";"37,06"
"1526878800";"21.05.2018 08:00";"56,02";"56,02";"54,74";"54,74"
"1526882400";"21.05.2018 09:00";"69,7";"69,7";"69,7";"69,7"
"1526886000";"21.05.2018 10:00";"83,49";"83,49";"83,49";"83,49"
"1526889600";"21.05.2018 11:00";"62,84";"62,84";"62,84";"62,84"
"1526893200";"21.05.2018 12:00";"59,89";"59,89";"59,89";"59,89"
"1526896800";"21.05.2018 13:00";"65,11";"65,11";"53,03";"53,03"
"1526900400";"21.05.2018 14:00";"62,74";"62,74";"49,69";"49,69"
"1526904000";"21.05.2018 15:00";"59,87";"59,87";"39,57";"39,57"
"1526907600";"21.05.2018 16:00";"58,67";"58,67";"39,34";"39,34"
"1526911200";"21.05.2018 17:00";"52,54";"52,54";"38,2";"38,2"
"1526914800";"21.05.2018 18:00";"53,34";"53,34";"39,48";"39,48"
"1526918400";"21.05.2018 19:00";"53,34";"53,34";"45,81";"45,81"
"1526922000";"21.05.2018 20:00";"56,68";"56,68";"45,23";"45,23"
"1526925600";"21.05.2018 21:00";"57,65";"57,65";"33,75";"33,75"
"1526929200";"21.05.2018 22:00";"57,73";"57,73";"33,46";"33,46"
"1526932800";"21.05.2018 23:00";"44,39";"44,39";"33,38";"33,38"
"1526936400";"22.05.2018 00:00";"27,58";"27,58";"27,58";"27,58"
"1526940000";"22.05.2018 01:00";"38,38";"38,38";"32,08";"32,08"
"1526943600";"22.05.2018 02:00";"38,78";"38,78";"30,27";"30,27"
"1526947200";"22.05.2018 03:00";"38,71";"38,71";"30,05";"30,05"
"1526950800";"22.05.2018 04:00";"35,07";"35,07";"28,83";"28,83"
"1526954400";"22.05.2018 05:00";"38,71";"38,71";"31,55";"31,55"
"1526958000";"22.05.2018 06:00";"39,28";"39,28";"35,14";"35,14"
"1526961600";"22.05.2018 07:00";"45,58";"45,58";"43,6";"43,6"
"1526965200";"22.05.2018 08:00";"69,88";"69,88";"69,88";"69,88"
"1526968800";"22.05.2018 09:00";"91,33";"91,33";"91,33";"91,33"
"1526972400";"22.05.2018 10:00";"123,96";"123,96";"123,96";"123,96"
"1526976000";"22.05.2018 11:00";"88,07";"88,07";"88,07";"88,07"
"1526979600";"22.05.2018 12:00";"92,56";"92,56";"92,56";"92,56"
"1526983200";"22.05.2018 13:00";"92,56";"92,56";"92,56";"92,56"
"1526986800";"22.05.2018 14:00";"97,93";"97,93";"97,93";"97,93"
"1526990400";"22.05.2018 15:00";"82,47";"82,47";"40,95";"40,95"
"1526994000";"22.05.2018 16:00";"69,86";"69,86";"40,31";"40,31"
"1526997600";"22.05.2018 17:00";"67,25";"67,25";"39,72";"39,72"
"1527001200";"22.05.2018 18:00";"58,5";"58,5";"50,79";"50,79"
"1527004800";"22.05.2018 19:00";"54,77";"54,77";"54,77";"54,77"
"1527008400";"22.05.2018 20:00";"59,66";"59,66";"59,66";"59,66"
"1527012000";"22.05.2018 21:00";"39,59";"39,59";"39,59";"39,59"
"1527015600";"22.05.2018 22:00";"47,36";"47,36";"39,49";"39,49"
"1527019200";"22.05.2018 23:00";"43,03";"43,03";"39,43";"39,43"
"1527022800";"23.05.2018 00:00";"36,04";"36,04";"36,04";"36,04"
"1527026400";"23.05.2018 01:00";"38,58";"38,58";"37,91";"37,91"
"1527030000";"23.05.2018 02:00";"38,18";"38,18";"36,42";"36,42"
"1527033600";"23.05.2018 03:00";"38,64";"38,64";"36,04";"36,04"
"1527037200";"23.05.2018 04:00";"34,53";"34,53";"34,53";"34,53"
"1527040800";"23.05.2018 05:00";"35,24";"35,24";"35,24";"35,24"
"1527044400";"23.05.2018 06:00";"38,31";"38,31";"37,7";"37,7"
"1527048000";"23.05.2018 07:00";"45,53";"45,53";"40,61";"40,61"
"1527051600";"23.05.2018 08:00";"78,1";"78,1";"56,16";"56,16"
"1527055200";"23.05.2018 09:00";"101,25";"101,25";"92,81";"92,81"
"1527058800";"23.05.2018 10:00";"86,22";"86,22";"86,22";"86,22"
"1527062400";"23.05.2018 11:00";"81,84";"81,84";"81,84";"81,84"
"1527066000";"23.05.2018 12:00";"84,76";"84,76";"84,76";"84,76"
"1527069600";"23.05.2018 13:00";"84,94";"84,94";"84,94";"84,94"
"1527073200";"23.05.2018 14:00";"84,83";"84,83";"69,87";"69,87"
"1527076800";"23.05.2018 15:00";"65,25";"65,25";"41,06";"41,06"
"1527080400";"23.05.2018 16:00";"68,14";"68,14";"40,47";"40,47"
"1527084000";"23.05.2018 17:00";"64,23";"64,23";"40,29";"40,29"
"1527087600";"23.05.2018 18:00";"55,04";"55,04";"40,44";"40,44"
"1527091200";"23.05.2018 19:00";"51,09";"51,09";"46,42";"46,42"
"1527094800";"23.05.2018 20:00";"51,37";"51,37";"45,96";"45,96"
"1527098400";"23.05.2018 21:00";"46,07";"46,07";"41,18";"41,18"
"1527102000";"23.05.2018 22:00";"46,08";"46,08";"40,91";"40,91"
"1527105600";"23.05.2018 23:00";"40,06";"40,06";"40,06";"40,06"
"1527109200";"24.05.2018 00:00";"35,37";"35,37";"35,37";"35,37"
"1527112800";"24.05.2018 01:00";"37";"37";"37";"37"
"1527116400";"24.05.2018 02:00";"34,13";"34,13";"34,13";"34,13"
"1527120000";"24.05.2018 03:00";"33,01";"33,01";"33,01";"33,01"
"1527123600";"24.05.2018 04:00";"31,79";"31,79";"31,79";"31,79"
"1527127200";"24.05.2018 05:00";"32,34";"32,34";"32,34";"32,34"
"1527130800";"24.05.2018 06:00";"38,89";"38,89";"36,44";"36,44"
"1527134400";"24.05.2018 07:00";"45,98";"45,98";"45,98";"45,98"
"1527138000";"24.05.2018 08:00";"61,19";"61,19";"61,19";"61,19"
"1527141600";"24.05.2018 09:00";"75,98";"75,98";"75,98";"75,98"
"1527145200";"24.05.2018 10:00";"81";"81";"81";"81"
"1527148800";"24.05.2018 11:00";"77,52";"77,52";"77,52";"77,52"
"1527152400";"24.05.2018 12:00";"76,09";"76,09";"76,09";"76,09"
"1527156000";"24.05.2018 13:00";"80,03";"80,03";"80,03";"80,03"
"1527159600";"24.05.2018 14:00";"77,54";"77,54";"77,54";"77,54"
"1527163200";"24.05.2018 15:00";"58,39";"58,39";"43,02";"43,02"
"1527166800";"24.05.2018 16:00";"52,1";"52,1";"41,89";"41,89"
"1527170400";"24.05.2018 17:00";"52,94";"52,94";"41,64";"41,64"
"1527174000";"24.05.2018 18:00";"49,14";"49,14";"41,7";"41,7"
"1527177600";"24.05.2018 19:00";"51,28";"51,28";"51,28";"51,28"
"1527181200";"24.05.2018 20:00";"51,32";"51,32";"51,32";"51,32"
"1527184800";"24.05.2018 21:00";"51,26";"51,26";"43,74";"43,74"
"1527188400";"24.05.2018 22:00";"49,99";"49,99";"41,97";"41,97"
"1527192000";"24.05.2018 23:00";"42";"42";"39,86";"39,86"
"1527195600";"25.05.2018 00:00";"35,18";"35,18";"35,18";"35,18"
"1527199200";"25.05.2018 01:00";"35,97";"35,97";"35,97";"35,97"
"1527202800";"25.05.2018 02:00";"34,17";"34,17";"34,17";"34,17"
"1527206400";"25.05.2018 03:00";"33,4";"33,4";"33,4";"33,4"
"1527210000";"25.05.2018 04:00";"32,09";"32,09";"32,09";"32,09"
"1527213600";"25.05.2018 05:00";"33,01";"33,01";"33,01";"33,01"
"1527217200";"25.05.2018 06:00";"37,44";"37,44";"37,44";"37,44"
"1527220800";"25.05.2018 07:00";"46,7";"46,7";"46,7";"46,7"
"1527224400";"25.05.2018 08:00";"65,4";"65,4";"65,4";"65,4"
"1527228000";"25.05.2018 09:00";"71,09";"71,09";"71,09";"71,09"
"1527231600";"25.05.2018 10:00";"70,24";"70,24";"70,24";"70,24"
"1527235200";"25.05.2018 11:00";"66,3";"66,3";"66,3";"66,3"
"1527238800";"25.05.2018 12:00";"69,46";"69,46";"69,46";"69,46"
"1527242400";"25.05.2018 13:00";"69,75";"69,75";"69,75";"69,75"
"1527246000";"25.05.2018 14:00";"65,57";"65,57";"65,57";"65,57"
"1527249600";"25.05.2018 15:00";"65,4";"65,4";"41,72";"41,72"
"1527253200";"25.05.2018 16:00";"65,39";"65,39";"40,47";"40,47"
"1527256800";"25.05.2018 17:00";"53";"53";"40,5";"40,5"
"1527260400";"25.05.2018 18:00";"53,5";"53,5";"41,46";"41,46"
"1527264000";"25.05.2018 19:00";"53,56";"53,56";"53,56";"53,56"
"1527267600";"25.05.2018 20:00";"53,62";"53,62";"46,78";"46,78"
"1527271200";"25.05.2018 21:00";"53,57";"53,57";"40,94";"40,94"
"1527274800";"25.05.2018 22:00";"46,06";"46,06";"40,82";"40,82"
"1527278400";"25.05.2018 23:00";"40,31";"40,31";"40,31";"40,31"
"1527282000";"26.05.2018 00:00";"38,91";"38,91";"38,91";"38,91"
"1527285600";"26.05.2018 01:00";"40,14";"40,14";"40,14";"40,14"
"1527289200";"26.05.2018 02:00";"38,66";"38,66";"38,66";"38,66"
"1527292800";"26.05.2018 03:00";"36";"36";"36";"36"
"1527296400";"26.05.2018 04:00";"34,97";"34,97";"34,97";"34,97"
"1527300000";"26.05.2018 05:00";"34,27";"34,27";"34,27";"34,27"
"1527303600";"26.05.2018 06:00";"33,81";"33,81";"33,81";"33,81"
"1527307200";"26.05.2018 07:00";"37,33";"37,33";"37,33";"37,33"
"1527310800";"26.05.2018 08:00";"43,07";"43,07";"39,62";"39,62"
"1527314400";"26.05.2018 09:00";"46,03";"46,03";"41,63";"41,63"
"1527318000";"26.05.2018 10:00";"43,08";"43,08";"41,47";"41,47"
"1527321600";"26.05.2018 11:00";"43,07";"43,07";"40,61";"40,61"
"1527325200";"26.05.2018 12:00";"46,05";"46,05";"40,04";"40,04"
"1527328800";"26.05.2018 13:00";"46,02";"46,02";"39,07";"39,07"
"1527332400";"26.05.2018 14:00";"46,01";"46,01";"37,98";"37,98"
"1527336000";"26.05.2018 15:00";"43,07";"43,07";"37,1";"37,1"
"1527339600";"26.05.2018 16:00";"43,03";"43,03";"36,8";"36,8"
"1527343200";"26.05.2018 17:00";"46,01";"46,01";"36,94";"36,94"
"1527346800";"26.05.2018 18:00";"46,01";"46,01";"39,08";"39,08"
"1527350400";"26.05.2018 19:00";"41,72";"41,72";"41,72";"41,72"
"1527354000";"26.05.2018 20:00";"42,29";"42,29";"42,29";"42,29"
"1527357600";"26.05.2018 21:00";"44,14";"44,14";"42,22";"42,22"
"1527361200";"26.05.2018 22:00";"43,04";"43,04";"41,99";"41,99"
"1527364800";"26.05.2018 23:00";"41,82";"41,82";"41,82";"41,82"
"1527368400";"27.05.2018 00:00";"39,12";"39,12";"39,12";"39,12"
"1527372000";"27.05.2018 01:00";"38,82";"38,82";"38,82";"38,82"
"1527375600";"27.05.2018 02:00";"36,3";"36,3";"36,3";"36,3"
"1527379200";"27.05.2018 03:00";"34,02";"34,02";"34,02";"34,02"
"1527382800";"27.05.2018 04:00";"33,06";"33,06";"33,06";"33,06"
"1527386400";"27.05.2018 05:00";"32,6";"32,6";"32,6";"32,6"
"1527390000";"27.05.2018 06:00";"32,01";"32,01";"32,01";"32,01"
"1527393600";"27.05.2018 07:00";"34,42";"34,42";"34,42";"34,42"
"1527397200";"27.05.2018 08:00";"36,52";"36,52";"36,52";"36,52"
"1527400800";"27.05.2018 09:00";"40,72";"40,72";"37,67";"37,67"
"1527404400";"27.05.2018 10:00";"41,14";"41,14";"38,86";"38,86"
"1527408000";"27.05.2018 11:00";"42,23";"42,23";"39,25";"39,25"
"1527411600";"27.05.2018 12:00";"41,8";"41,8";"38,98";"38,98"
"1527415200";"27.05.2018 13:00";"42,38";"42,38";"38,56";"38,56"
"1527418800";"27.05.2018 14:00";"40,97";"40,97";"37,94";"37,94"
"1527422400";"27.05.2018 15:00";"40,62";"40,62";"37,24";"37,24"
"1527426000";"27.05.2018 16:00";"40,59";"40,59";"37,63";"37,63"
"1527429600";"27.05.2018 17:00";"40,53";"40,53";"37,87";"37,87"
"1527433200";"27.05.2018 18:00";"40,32";"40,32";"38,91";"38,91"
"1527436800";"27.05.2018 19:00";"41,34";"41,34";"41,34";"41,34"
"1527440400";"27.05.2018 20:00";"42,3";"42,3";"42,3";"42,3"
"1527444000";"27.05.2018 21:00";"42,11";"42,11";"42,11";"42,11"
"1527447600";"27.05.2018 22:00";"41,98";"41,98";"41,98";"41,98"
"1527451200";"27.05.2018 23:00";"41,27";"41,27";"41,27";"41,27"
"1527454800";"28.05.2018 00:00";"37,69";"37,69";"37,69";"37,69"
"1527458400";"28.05.2018 01:00";"37,09";"37,09";"37,09";"37,09"
"1527462000";"28.05.2018 02:00";"33,66";"33,66";"33,66";"33,66"
"1527465600";"28.05.2018 03:00";"28,86";"28,86";"28,86";"28,86"
"1527469200";"28.05.2018 04:00";"28,24";"28,24";"28,24";"28,24"
"1527472800";"28.05.2018 05:00";"29,21";"29,21";"29,21";"29,21"
"1527476400";"28.05.2018 06:00";"37,45";"37,45";"37,45";"37,45"
"1527480000";"28.05.2018 07:00";"48,19";"48,19";"48,19";"48,19"
"1527483600";"28.05.2018 08:00";"59,92";"59,92";"59,92";"59,92"
"1527487200";"28.05.2018 09:00";"68,18";"68,18";"68,18";"68,18"
"1527490800";"28.05.2018 10:00";"69,09";"69,09";"69,09";"69,09"
"1527494400";"28.05.2018 11:00";"67,72";"67,72";"67,72";"67,72"
"1527498000";"28.05.2018 12:00";"68,18";"68,18";"68,18";"68,18"
"1527501600";"28.05.2018 13:00";"66,79";"66,79";"66,79";"66,79"
"1527505200";"28.05.2018 14:00";"64,8";"64,8";"64,8";"64,8"
"1527508800";"28.05.2018 15:00";"52,07";"52,07";"51,86";"51,86"
"1527512400";"28.05.2018 16:00";"52,04";"52,04";"48,81";"48,81"
"1527516000";"28.05.2018 17:00";"53,18";"53,18";"49,95";"49,95"
"1527519600";"28.05.2018 18:00";"54,28";"54,28";"52,01";"52,01"
"1527523200";"28.05.2018 19:00";"54,07";"54,07";"53,64";"53,64"
"1527526800";"28.05.2018 20:00";"58,01";"58,01";"53,34";"53,34"
"1527530400";"28.05.2018 21:00";"55,54";"55,54";"48,78";"48,78"
"1527534000";"28.05.2018 22:00";"47,09";"47,09";"45,35";"45,35"
"1527537600";"28.05.2018 23:00";"43,07";"43,07";"42,96";"42,96"
"1527541200";"29.05.2018 00:00";"38,76";"38,76";"38,76";"38,76"
"1527544800";"29.05.2018 01:00";"36,16";"36,16";"36,16";"36,16"
"1527548400";"29.05.2018 02:00";"34,08";"34,08";"34,08";"34,08"
"1527552000";"29.05.2018 03:00";"35,53";"35,53";"35,53";"35,53"
"1527555600";"29.05.2018 04:00";"35,22";"35,22";"35,22";"35,22"
"1527559200";"29.05.2018 05:00";"33,29";"33,29";"33,29";"33,29"
"1527562800";"29.05.2018 06:00";"38,55";"38,55";"38,55";"38,55"
"1527566400";"29.05.2018 07:00";"43,01";"43,01";"42,89";"42,89"
"1527570000";"29.05.2018 08:00";"53,41";"53,41";"52,93";"52,93"
"1527573600";"29.05.2018 09:00";"63,07";"63,07";"59,58";"59,58"
"1527577200";"29.05.2018 10:00";"66,19";"66,19";"53,1";"53,1"
"1527580800";"29.05.2018 11:00";"62,95";"62,95";"53,56";"53,56"
"1527584400";"29.05.2018 12:00";"63,74";"63,74";"46,99";"46,99"
"1527588000";"29.05.2018 13:00";"65,02";"65,02";"44,58";"44,58"
"1527591600";"29.05.2018 14:00";"63,86";"63,86";"43,96";"43,96"
"1527595200";"29.05.2018 15:00";"59,69";"59,69";"43,2";"43,2"
"1527598800";"29.05.2018 16:00";"60,06";"60,06";"42,67";"42,67"
"1527602400";"29.05.2018 17:00";"57,46";"57,46";"42,32";"42,32"
"1527606000";"29.05.2018 18:00";"57,3";"57,3";"43,64";"43,64"
"1527609600";"29.05.2018 19:00";"54,58";"54,58";"45,13";"45,13"
"1527613200";"29.05.2018 20:00";"58,08";"58,08";"46,1";"46,1"
"1527616800";"29.05.2018 21:00";"57,63";"57,63";"44";"44"
"1527620400";"29.05.2018 22:00";"50,05";"50,05";"43,35";"43,35"
"1527624000";"29.05.2018 23:00";"43,03";"43,03";"42,55";"42,55"
"1527627600";"30.05.2018 00:00";"38,17";"38,17";"38,17";"38,17"
"1527631200";"30.05.2018 01:00";"38,13";"38,13";"38,13";"38,13"
"1527634800";"30.05.2018 02:00";"36,22";"36,22";"36,22";"36,22"
"1527638400";"30.05.2018 03:00";"35";"35";"35";"35"
"1527642000";"30.05.2018 04:00";"33,4";"33,4";"33,4";"33,4"
"1527645600";"30.05.2018 05:00";"33,97";"33,97";"33,97";"33,97"
"1527649200";"30.05.2018 06:00";"39,06";"39,06";"39,06";"39,06"
"1527652800";"30.05.2018 07:00";"46,04";"46,04";"45,03";"45,03"
"1527656400";"30.05.2018 08:00";"55,16";"55,16";"52,03";"52,03"
"1527660000";"30.05.2018 09:00";"64,97";"64,97";"56,89";"56,89"
"1527663600";"30.05.2018 10:00";"74,36";"74,36";"54,96";"54,96"
"1527667200";"30.05.2018 11:00";"63,03";"63,03";"57,37";"57,37"
"1527670800";"30.05.2018 12:00";"62,07";"62,07";"56,84";"56,84"
"1527674400";"30.05.2018 13:00";"80,95";"80,95";"54,79";"54,79"
"1527678000";"30.05.2018 14:00";"74,06";"74,06";"51,61";"51,61"
"1527681600";"30.05.2018 15:00";"54,01";"54,01";"44,74";"44,74"
"1527685200";"30.05.2018 16:00";"54,04";"54,04";"44,98";"44,98"
"1527688800";"30.05.2018 17:00";"64,98";"64,98";"45,56";"45,56"
"1527692400";"30.05.2018 18:00";"64,96";"64,96";"48,73";"48,73"
"1527696000";"30.05.2018 19:00";"57,59";"57,59";"55,83";"55,83"
"1527699600";"30.05.2018 20:00";"58,21";"58,21";"58,21";"58,21"
"1527703200";"30.05.2018 21:00";"58,22";"58,22";"52,92";"52,92"
"1527706800";"30.05.2018 22:00";"53,49";"53,49";"49,48";"49,48"
"1527710400";"30.05.2018 23:00";"45,08";"45,08";"45,08";"45,08"
"1527714000";"31.05.2018 00:00";"42,43";"42,43";"42,43";"42,43"
"1527717600";"31.05.2018 01:00";"42,02";"42,02";"42,02";"42,02"
"1527721200";"31.05.2018 02:00";"39,66";"39,66";"39,66";"39,66"
"1527724800";"31.05.2018 03:00";"38,65";"38,65";"38,65";"38,65"
"1527728400";"31.05.2018 04:00";"38,15";"38,15";"38,15";"38,15"
"1527732000";"31.05.2018 05:00";"37,91";"37,91";"37,91";"37,91"
"1527735600";"31.05.2018 06:00";"39,31";"39,31";"39,31";"39,31"
"1527739200";"31.05.2018 07:00";"51,88";"51,88";"51,88";"51,88"
"1527742800";"31.05.2018 08:00";"56,04";"56,04";"56,04";"56,04"
"1527746400";"31.05.2018 09:00";"69,59";"69,59";"69,59";"69,59"
"1527750000";"31.05.2018 10:00";"63,75";"63,75";"63,75";"63,75"
"1527753600";"31.05.2018 11:00";"63,02";"63,02";"63,02";"63,02"
"1527757200";"31.05.2018 12:00";"67,62";"67,62";"67,62";"67,62"
"1527760800";"31.05.2018 13:00";"73,95";"73,95";"73,95";"73,95"
"1527764400";"31.05.2018 14:00";"73,99";"73,99";"73,99";"73,99"
"1527768000";"31.05.2018 15:00";"46,82";"46,82";"46,82";"46,82"
"1527771600";"31.05.2018 16:00";"44,12";"44,12";"44,12";"44,12"
"1527775200";"31.05.2018 17:00";"43,77";"43,77";"43,77";"43,77"
"1527778800";"31.05.2018 18:00";"44,48";"44,48";"44,48";"44,48"
"1527782400";"31.05.2018 19:00";"58,23";"58,23";"58,23";"58,23"
"1527786000";"31.05.2018 20:00";"52,08";"52,08";"52,08";"52,08"
"1527789600";"31.05.2018 21:00";"48,74";"48,74";"48,74";"48,74"
"1527793200";"31.05.2018 22:00";"47,64";"47,64";"45,76";"45,76"
"1527796800";"31.05.2018 23:00";"44,12";"44,12";"44,12";"44,12"
"1527800400";"01.06.2018 00:00";"41,28";"41,28";"41,28";"41,28"
"1527804000";"01.06.2018 01:00";"41,33";"41,33";"41,33";"41,33"
"1527807600";"01.06.2018 02:00";"38,89";"38,89";"38,89";"38,89"
"1527811200";"01.06.2018 03:00";"38,82";"38,82";"38,82";"38,82"
"1527814800";"01.06.2018 04:00";"38,45";"38,45";"38,45";"38,45"
"1527818400";"01.06.2018 05:00";"38,01";"38,01";"38,01";"38,01"
"1527822000";"01.06.2018 06:00";"41,18";"41,18";"41,18";"41,18"
"1527825600";"01.06.2018 07:00";"47,82";"47,82";"47,08";"47,08"
"1527829200";"01.06.2018 08:00";"62,04";"62,04";"56,03";"56,03"
"1527832800";"01.06.2018 09:00";"68,15";"68,15";"62,71";"62,71"
"1527836400";"01.06.2018 10:00";"76,06";"76,06";"64,32";"64,32"
"1527840000";"01.06.2018 11:00";"74,97";"74,97";"65,5";"65,5"
"1527843600";"01.06.2018 12:00";"75,07";"75,07";"67,88";"67,88"
"1527847200";"01.06.2018 13:00";"73,71";"73,71";"72,66";"72,66"
"1527850800";"01.06.2018 14:00";"70,05";"70,05";"70,05";"70,05"
"1527854400";"01.06.2018 15:00";"58,56";"58,56";"58,56";"58,56"
"1527858000";"01.06.2018 16:00";"53";"53";"46,48";"46,48"
"1527861600";"01.06.2018 17:00";"58";"58";"45,53";"45,53"
"1527865200";"01.06.2018 18:00";"67,68";"67,68";"45,82";"45,82"
"1527868800";"01.06.2018 19:00";"67,68";"67,68";"52,99";"52,99"
"1527872400";"01.06.2018 20:00";"60,27";"60,27";"52,32";"52,32"
"1527876000";"01.06.2018 21:00";"61,92";"61,92";"46,04";"46,04"
"1527879600";"01.06.2018 22:00";"56,68";"56,68";"45,68";"45,68"
"1527883200";"01.06.2018 23:00";"47,04";"47,04";"45,39";"45,39"
"1527886800";"02.06.2018 00:00";"43,95";"43,95";"43,95";"43,95"
"1527890400";"02.06.2018 01:00";"42,16";"42,16";"42,16";"42,16"
"1527894000";"02.06.2018 02:00";"40,42";"40,42";"40,42";"40,42"
"1527897600";"02.06.2018 03:00";"39,14";"39,14";"39,14";"39,14"
"1527901200";"02.06.2018 04:00";"38,5";"38,5";"38,5";"38,5"
"1527904800";"02.06.2018 05:00";"38,5";"38,5";"38,5";"38,5"
"1527908400";"02.06.2018 06:00";"38,78";"38,78";"38,78";"38,78"
"1527912000";"02.06.2018 07:00";"40,45";"40,45";"40,45";"40,45"
"1527915600";"02.06.2018 08:00";"43,22";"43,22";"42,17";"42,17"
"1527919200";"02.06.2018 09:00";"50,02";"50,02";"43,99";"43,99"
"1527922800";"02.06.2018 10:00";"59,75";"59,75";"45,71";"45,71"
"1527926400";"02.06.2018 11:00";"63,86";"63,86";"45,22";"45,22"
"1527930000";"02.06.2018 12:00";"63,88";"63,88";"45,06";"45,06"
"1527933600";"02.06.2018 13:00";"63,76";"63,76";"44";"44"
"1527937200";"02.06.2018 14:00";"60,23";"60,23";"43,9";"43,9"
"1527940800";"02.06.2018 15:00";"50,43";"50,43";"43,83";"43,83"
"1527944400";"02.06.2018 16:00";"47,85";"47,85";"43,15";"43,15"
"1527948000";"02.06.2018 17:00";"46,05";"46,05";"42,67";"42,67"
"1527951600";"02.06.2018 18:00";"44,96";"44,96";"43,43";"43,43"
"1527955200";"02.06.2018 19:00";"45,63";"45,63";"45,63";"45,63"
"1527958800";"02.06.2018 20:00";"49,83";"49,83";"46,29";"46,29"
"1527962400";"02.06.2018 21:00";"49,81";"49,81";"46,02";"46,02"
"1527966000";"02.06.2018 22:00";"49,69";"49,69";"45,97";"45,97"
"1527969600";"02.06.2018 23:00";"45,87";"45,87";"45,87";"45,87"
"1527973200";"03.06.2018 00:00";"42,27";"42,27";"42,27";"42,27"
"1527976800";"03.06.2018 01:00";"43,39";"43,39";"43,39";"43,39"
"1527980400";"03.06.2018 02:00";"41,59";"41,59";"41,59";"41,59"
"1527984000";"03.06.2018 03:00";"40,04";"40,04";"40,04";"40,04"
"1527987600";"03.06.2018 04:00";"39,33";"39,33";"39,33";"39,33"
"1527991200";"03.06.2018 05:00";"38,43";"38,43";"38,43";"38,43"
"1527994800";"03.06.2018 06:00";"39,25";"39,25";"39,25";"39,25"
"1527998400";"03.06.2018 07:00";"40,18";"40,18";"40,18";"40,18"
"1528002000";"03.06.2018 08:00";"41,39";"41,39";"41,39";"41,39"
"1528005600";"03.06.2018 09:00";"43,08";"43,08";"43,08";"43,08"
"1528009200";"03.06.2018 10:00";"43,57";"43,57";"43,57";"43,57"
"1528012800";"03.06.2018 11:00";"44,77";"44,77";"44,03";"44,03"
"1528016400";"03.06.2018 12:00";"46,06";"46,06";"43,89";"43,89"
"1528020000";"03.06.2018 13:00";"46,04";"46,04";"43,89";"43,89"
"1528023600";"03.06.2018 14:00";"45,9";"45,9";"43,46";"43,46"
"1528027200";"03.06.2018 15:00";"43,77";"43,77";"41,62";"41,62"
"1528030800";"03.06.2018 16:00";"42,55";"42,55";"40,97";"40,97"
"1528034400";"03.06.2018 17:00";"41,54";"41,54";"41,32";"41,32"
"1528038000";"03.06.2018 18:00";"42,58";"42,58";"42,58";"42,58"
"1528041600";"03.06.2018 19:00";"43,78";"43,78";"43,57";"43,57"
"1528045200";"03.06.2018 20:00";"45,75";"45,75";"44,5";"44,5"
"1528048800";"03.06.2018 21:00";"47,33";"47,33";"45,09";"45,09"
"1528052400";"03.06.2018 22:00";"46,95";"46,95";"45,27";"45,27"
"1528056000";"03.06.2018 23:00";"44,94";"44,94";"44,94";"44,94"
"1528059600";"04.06.2018 00:00";"40,66";"40,66";"40,66";"40,66"
"1528063200";"04.06.2018 01:00";"38,62";"38,62";"38,62";"38,62"
"1528066800";"04.06.2018 02:00";"36,13";"36,13";"36,13";"36,13"
"1528070400";"04.06.2018 03:00";"32,4";"32,4";"32,4";"32,4"
"1528074000";"04.06.2018 04:00";"31,44";"31,44";"31,44";"31,44"
"1528077600";"04.06.2018 05:00";"30,85";"30,85";"30,85";"30,85"
"1528081200";"04.06.2018 06:00";"37,41";"37,41";"37,41";"37,41"
"1528084800";"04.06.2018 07:00";"46,49";"46,49";"46,49";"46,49"
"1528088400";"04.06.2018 08:00";"59,65";"59,65";"52,42";"59,65"
"1528092000";"04.06.2018 09:00";"69,38";"69,38";"51,95";"69,38"
"1528095600";"04.06.2018 10:00";"70,24";"70,24";"51,76";"70,24"
"1528099200";"04.06.2018 11:00";"65,68";"65,68";"50,57";"65,68"
"1528102800";"04.06.2018 12:00";"70,21";"70,21";"52,17";"70,21"
"1528106400";"04.06.2018 13:00";"70,21";"70,21";"52,94";"70,21"
"1528110000";"04.06.2018 14:00";"70,76";"70,76";"55,74";"70,76"
"1528113600";"04.06.2018 15:00";"64,77";"64,77";"55,35";"64,77"
"1528117200";"04.06.2018 16:00";"62,65";"62,65";"45,06";"62,65"
"1528120800";"04.06.2018 17:00";"55,04";"55,04";"44,77";"55,04"
"1528124400";"04.06.2018 18:00";"55,04";"55,04";"45,52";"45,52"
"1528128000";"04.06.2018 19:00";"55,03";"55,03";"46,07";"55,03"
"1528131600";"04.06.2018 20:00";"55,06";"55,06";"45,99";"55,06"
"1528135200";"04.06.2018 21:00";"55,05";"55,05";"45,63";"55,05"
"1528138800";"04.06.2018 22:00";"53,12";"53,12";"45,39";"45,39"
"1528142400";"04.06.2018 23:00";"46,02";"46,02";"45,27";"45,27"
"1528146000";"05.06.2018 00:00";"43,07";"43,07";"43,07";"43,07"
"1528149600";"05.06.2018 01:00";"42,66";"42,66";"42,66";"42,66"
"1528153200";"05.06.2018 02:00";"41,01";"41,01";"41,01";"41,01"
"1528156800";"05.06.2018 03:00";"39,44";"39,44";"39,44";"39,44"
"1528160400";"05.06.2018 04:00";"39,35";"39,35";"39,35";"39,35"
"1528164000";"05.06.2018 05:00";"39,05";"39,05";"39,05";"39,05"
"1528167600";"05.06.2018 06:00";"41,63";"41,63";"41,63";"41,63"
"1528171200";"05.06.2018 07:00";"50,31";"50,31";"47,13";"50,31"
"1528174800";"05.06.2018 08:00";"62,98";"62,98";"51,06";"62,98"
"1528178400";"05.06.2018 09:00";"70,91";"70,91";"56,65";"70,91"
"1528182000";"05.06.2018 10:00";"68,78";"68,78";"60,08";"68,78"
"1528185600";"05.06.2018 11:00";"64";"64";"60,43";"64"
"1528189200";"05.06.2018 12:00";"63,65";"63,65";"62,65";"63,65"
"1528192800";"05.06.2018 13:00";"64,83";"64,83";"60,5";"64,83"
"1528196400";"05.06.2018 14:00";"68,31";"68,31";"59,01";"68,31"
"1528200000";"05.06.2018 15:00";"63,06";"63,06";"59,06";"63,06"
"1528203600";"05.06.2018 16:00";"52,1";"52,1";"46,68";"52,1"
"1528207200";"05.06.2018 17:00";"51,02";"51,02";"46,51";"51,02"
"1528210800";"05.06.2018 18:00";"52,34";"52,34";"46,94";"52,34"
"1528214400";"05.06.2018 19:00";"58,04";"58,04";"58,04";"58,04"
"1528218000";"05.06.2018 20:00";"61,8";"61,8";"61,8";"61,8"
"1528221600";"05.06.2018 21:00";"56,09";"56,09";"47,29";"56,09"
"1528225200";"05.06.2018 22:00";"51,62";"51,62";"47,13";"51,62"
"1528228800";"05.06.2018 23:00";"49,02";"49,02";"47,34";"49,02"
"1528232400";"06.06.2018 00:00";"44,93";"44,93";"44,93";"44,93"
"1528236000";"06.06.2018 01:00";"44,99";"44,99";"44,99";"44,99"
"1528239600";"06.06.2018 02:00";"42,09";"42,09";"42,09";"42,09"
"1528243200";"06.06.2018 03:00";"41,12";"41,12";"41,12";"41,12"
"1528246800";"06.06.2018 04:00";"41,62";"41,62";"41,62";"41,62"
"1528250400";"06.06.2018 05:00";"41,64";"41,64";"41,64";"41,64"
"1528254000";"06.06.2018 06:00";"44,54";"44,54";"44,54";"44,54"
"1528257600";"06.06.2018 07:00";"54,08";"54,08";"54,08";"54,08"
"1528261200";"06.06.2018 08:00";"72,85";"72,85";"72,85";"72,85"
"1528264800";"06.06.2018 09:00";"68,4";"68,4";"68,4";"68,4"
"1528268400";"06.06.2018 10:00";"68,89";"68,89";"68,89";"68,89"
"1528272000";"06.06.2018 11:00";"67,43";"67,43";"67,43";"67,43"
"1528275600";"06.06.2018 12:00";"70,18";"70,18";"70,18";"70,18"
"1528279200";"06.06.2018 13:00";"70,22";"70,22";"70,22";"70,22"
"1528282800";"06.06.2018 14:00";"70,29";"70,29";"70,29";"70,29"
"1528286400";"06.06.2018 15:00";"65,4";"65,4";"65,4";"65,4"
"1528290000";"06.06.2018 16:00";"51,03";"51,03";"51,03";"51,03"
"1528293600";"06.06.2018 17:00";"47,93";"47,93";"47,93";"47,93"
"1528297200";"06.06.2018 18:00";"50,93";"50,93";"50,93";"50,93"
"1528300800";"06.06.2018 19:00";"60,02";"60,02";"60,02";"60,02"
"1528304400";"06.06.2018 20:00";"70,06";"70,06";"70,06";"70,06"
"1528308000";"06.06.2018 21:00";"57,66";"57,66";"48,11";"57,66"
"1528311600";"06.06.2018 22:00";"54,05";"54,05";"48,14";"54,05"
"1528315200";"06.06.2018 23:00";"47,88";"47,88";"47,36";"47,88"
"1528318800";"07.06.2018 00:00";"45,02";"45,02";"45,02";"45,02"
"1528322400";"07.06.2018 01:00";"44,04";"44,04";"44,04";"44,04"
"1528326000";"07.06.2018 02:00";"41,76";"41,76";"41,76";"41,76"
"1528329600";"07.06.2018 03:00";"41,03";"41,03";"41,03";"41,03"
"1528333200";"07.06.2018 04:00";"40,75";"40,75";"40,75";"40,75"
"1528336800";"07.06.2018 05:00";"40,36";"40,36";"40,36";"40,36"
"1528340400";"07.06.2018 06:00";"43,29";"43,29";"43,29";"43,29"
"1528344000";"07.06.2018 07:00";"53,14";"53,14";"53,14";"53,14"
"1528347600";"07.06.2018 08:00";"65,08";"65,08";"65,08";"65,08"
"1528351200";"07.06.2018 09:00";"65,08";"65,08";"65,08";"65,08"
"1528354800";"07.06.2018 10:00";"65,08";"65,08";"65,08";"65,08"
"1528358400";"07.06.2018 11:00";"65,32";"65,32";"65,32";"65,32"
"1528362000";"07.06.2018 12:00";"65,1";"65,1";"65,1";"65,1"
"1528365600";"07.06.2018 13:00";"65,89";"65,89";"65,89";"65,89"
"1528369200";"07.06.2018 14:00";"65,06";"65,06";"65,06";"65,06"
"1528372800";"07.06.2018 15:00";"65,04";"65,04";"65,04";"65,04"
"1528376400";"07.06.2018 16:00";"56,8";"56,8";"56,8";"56,8"
"1528380000";"07.06.2018 17:00";"54,05";"54,05";"49,12";"54,05"
"1528383600";"07.06.2018 18:00";"56,55";"56,55";"56,17";"56,55"
"1528387200";"07.06.2018 19:00";"63,38";"63,38";"63,38";"63,38"
"1528390800";"07.06.2018 20:00";"64,76";"64,76";"64,76";"64,76"
"1528394400";"07.06.2018 21:00";"56,95";"56,95";"56,95";"56,95"
"1528398000";"07.06.2018 22:00";"54,84";"54,84";"49,42";"54,84"
"1528401600";"07.06.2018 23:00";"49,75";"49,75";"49,48";"49,48"
"1528405200";"08.06.2018 00:00";"46,82";"46,82";"46,82";"46,82"
"1528408800";"08.06.2018 01:00";"46,02";"46,02";"46,02";"46,02"
"1528412400";"08.06.2018 02:00";"43,4";"43,4";"43,4";"43,4"
"1528416000";"08.06.2018 03:00";"42,82";"42,82";"42,82";"42,82"
"1528419600";"08.06.2018 04:00";"43,98";"43,98";"43,98";"43,98"
"1528423200";"08.06.2018 05:00";"44,01";"44,01";"44,01";"44,01"
"1528426800";"08.06.2018 06:00";"46,3";"46,3";"46,3";"46,3"
"1528430400";"08.06.2018 07:00";"60,59";"52,04";"60,59";"60,59"
"1528434000";"08.06.2018 08:00";"81,54";"81,54";"81,54";"81,54"
"1528437600";"08.06.2018 09:00";"72,4";"72,4";"72,4";"72,4"
"1528441200";"08.06.2018 10:00";"68,52";"68,52";"68,52";"68,52"
"1528444800";"08.06.2018 11:00";"68";"68";"68";"68"
"1528448400";"08.06.2018 12:00";"69,26";"69,26";"69,26";"69,26"
"1528452000";"08.06.2018 13:00";"70,34";"70,34";"70,34";"70,34"
"1528455600";"08.06.2018 14:00";"69,36";"69,36";"69,36";"69,36"
"1528459200";"08.06.2018 15:00";"65,76";"65,76";"65,76";"65,76"
"1528462800";"08.06.2018 16:00";"60,13";"60,13";"60,13";"60,13"
"1528466400";"08.06.2018 17:00";"57,8";"57,8";"54,42";"57,8"
"1528470000";"08.06.2018 18:00";"61,11";"61,11";"61,11";"61,11"
"1528473600";"08.06.2018 19:00";"65,64";"65,64";"65,64";"65,64"
"1528477200";"08.06.2018 20:00";"61,1";"61,1";"62,4";"61,1"
"1528480800";"08.06.2018 21:00";"56,87";"56,87";"55,56";"56,87"
"1528484400";"08.06.2018 22:00";"53,25";"53,25";"53,25";"53,25"
"1528488000";"08.06.2018 23:00";"50,63";"50,63";"50,63";"50,63"
"1528491600";"09.06.2018 00:00";"47,28";"47,28";"47,28";"47,28"
"1528495200";"09.06.2018 01:00";"46,18";"46,18";"46,18";"46,18"
"1528498800";"09.06.2018 02:00";"43,93";"43,93";"43,93";"43,93"
"1528502400";"09.06.2018 03:00";"42,63";"42,63";"42,63";"42,63"
"1528506000";"09.06.2018 04:00";"42,01";"42,01";"42,01";"42,01"
"1528509600";"09.06.2018 05:00";"40,87";"40,87";"40,87";"40,87"
"1528513200";"09.06.2018 06:00";"41,94";"41,94";"41,94";"41,94"
"1528516800";"09.06.2018 07:00";"45,45";"45,45";"45,45";"45,45"
"1528520400";"09.06.2018 08:00";"49,85";"49,85";"49,85";"49,85"
"1528524000";"09.06.2018 09:00";"58,52";"58,52";"58,52";"58,52"
"1528527600";"09.06.2018 10:00";"68,4";"68,4";"68,4";"68,4"
"1528531200";"09.06.2018 11:00";"69,9";"69,9";"69,9";"69,9"
"1528534800";"09.06.2018 12:00";"70,34";"70,34";"70,34";"70,34"
"1528538400";"09.06.2018 13:00";"61,92";"61,92";"61,92";"61,92"
"1528542000";"09.06.2018 14:00";"59,04";"59,04";"59,04";"59,04"
"1528545600";"09.06.2018 15:00";"57,99";"57,99";"57,99";"57,99"
"1528549200";"09.06.2018 16:00";"50,1";"50,1";"50,1";"50,1"
"1528552800";"09.06.2018 17:00";"46,98";"46,98";"46,98";"46,98"
"1528556400";"09.06.2018 18:00";"47,22";"47,22";"47,22";"47,22"
"1528560000";"09.06.2018 19:00";"69,65";"69,65";"69,65";"69,65"
"1528563600";"09.06.2018 20:00";"63,19";"63,19";"63,19";"63,19"
"1528567200";"09.06.2018 21:00";"49,34";"49,34";"49,34";"49,34"
"1528570800";"09.06.2018 22:00";"48,03";"48,03";"48,03";"48,03"
"1528574400";"09.06.2018 23:00";"47,46";"47,46";"47,46";"47,46"
"1528578000";"10.06.2018 00:00";"45,17";"45,17";"45,17";"45,17"
"1528581600";"10.06.2018 01:00";"45,46";"45,46";"45,46";"45,46"
"1528585200";"10.06.2018 02:00";"43,95";"43,95";"43,95";"43,95"
"1528588800";"10.06.2018 03:00";"43,31";"43,31";"43,31";"43,31"
"1528592400";"10.06.2018 04:00";"42,19";"42,19";"42,19";"42,19"
"1528596000";"10.06.2018 05:00";"42,08";"42,08";"42,08";"42,08"
"1528599600";"10.06.2018 06:00";"42,92";"42,92";"42,92";"42,92"
"1528603200";"10.06.2018 07:00";"44,2";"44,2";"44,2";"44,2"
"1528606800";"10.06.2018 08:00";"45,5";"45,5";"45,5";"45,5"
"1528610400";"10.06.2018 09:00";"46,41";"46,41";"46,41";"46,41"
"1528614000";"10.06.2018 10:00";"46,91";"46,91";"46,91";"46,91"
"1528617600";"10.06.2018 11:00";"47,5";"47,5";"47,5";"47,5"
"1528621200";"10.06.2018 12:00";"47,5";"47,5";"47,5";"47,5"
"1528624800";"10.06.2018 13:00";"47,34";"47,34";"47,34";"47,34"
"1528628400";"10.06.2018 14:00";"47,01";"47,01";"47,01";"47,01"
"1528632000";"10.06.2018 15:00";"46,04";"46,04";"46,04";"46,04"
"1528635600";"10.06.2018 16:00";"45,47";"45,47";"45,47";"45,47"
"1528639200";"10.06.2018 17:00";"45,96";"45,96";"45,96";"45,96"
"1528642800";"10.06.2018 18:00";"46,9";"46,9";"46,9";"46,9"
"1528646400";"10.06.2018 19:00";"47,63";"47,63";"47,63";"47,63"
"1528650000";"10.06.2018 20:00";"48,65";"48,65";"48,65";"48,65"
"1528653600";"10.06.2018 21:00";"48,86";"48,86";"48,86";"48,86"
"1528657200";"10.06.2018 22:00";"48,71";"48,71";"48,71";"48,71"
"1528660800";"10.06.2018 23:00";"48,53";"48,53";"48,53";"48,53"
"1528664400";"11.06.2018 00:00";"46,65";"46,65";"46,65";"46,65"
"1528668000";"11.06.2018 01:00";"45,4";"45,4";"45,4";"45,4"
"1528671600";"11.06.2018 02:00";"42,72";"42,72";"42,72";"42,72"
"1528675200";"11.06.2018 03:00";"42,27";"42,27";"42,27";"42,27"
"1528678800";"11.06.2018 04:00";"41,44";"41,44";"41,44";"41,44"
"1528682400";"11.06.2018 05:00";"41,45";"41,45";"41,45";"41,45"
"1528686000";"11.06.2018 06:00";"44,03";"44,03";"44,03";"44,03"
"1528689600";"11.06.2018 07:00";"50,62";"50,62";"50,62";"50,62"
"1528693200";"11.06.2018 08:00";"62";"62";"62";"62"
"1528696800";"11.06.2018 09:00";"64,79";"64,79";"64,79";"64,79"
"1528700400";"11.06.2018 10:00";"64,02";"64,02";"64,02";"64,02"
"1528704000";"11.06.2018 11:00";"63,59";"63,59";"63,59";"63,59"
"1528707600";"11.06.2018 12:00";"65,02";"65,02";"64,2";"64,2"
"1528711200";"11.06.2018 13:00";"64,08";"64,08";"58,42";"58,42"
"1528714800";"11.06.2018 14:00";"63,01";"63,01";"52,62";"52,62"
"1528718400";"11.06.2018 15:00";"60,23";"60,23";"48,81";"48,81"
"1528722000";"11.06.2018 16:00";"55,99";"55,99";"47,94";"47,94"
"1528725600";"11.06.2018 17:00";"54,08";"54,08";"47,56";"47,56"
"1528729200";"11.06.2018 18:00";"51,75";"51,75";"48,16";"48,16"
"1528732800";"11.06.2018 19:00";"54,47";"54,47";"48,84";"48,84"
"1528736400";"11.06.2018 20:00";"54,93";"54,93";"48,54";"48,54"
"1528740000";"11.06.2018 21:00";"53,92";"53,92";"47,8";"47,8"
"1528743600";"11.06.2018 22:00";"52";"52";"47,59";"47,59"
"1528747200";"11.06.2018 23:00";"47,53";"47,53";"47,53";"47,53"
"1528750800";"12.06.2018 00:00";"45,06";"45,06";"45,06";"45,06"
"1528754400";"12.06.2018 01:00";"41,93";"41,93";"41,93";"41,93"
"1528758000";"12.06.2018 02:00";"40,45";"40,45";"40,45";"40,45"
"1528761600";"12.06.2018 03:00";"39,04";"39,04";"39,04";"39,04"
"1528765200";"12.06.2018 04:00";"39,95";"39,95";"39,95";"39,95"
"1528768800";"12.06.2018 05:00";"39,1";"39,1";"39,1";"39,1"
"1528772400";"12.06.2018 06:00";"41,92";"41,92";"41,92";"41,92"
"1528776000";"12.06.2018 07:00";"46,72";"46,72";"46,72";"46,72"
"1528779600";"12.06.2018 08:00";"61,13";"61,13";"47,74";"47,74"
"1528783200";"12.06.2018 09:00";"64,44";"64,44";"48,91";"48,91"
"1528786800";"12.06.2018 10:00";"61,14";"63,72";"49,19";"49,19"
"1528790400";"12.06.2018 11:00";"61,1";"69,48";"49,39";"49,39"
"1528794000";"12.06.2018 12:00";"49,47";"79,78";"49,47";"49,47"
"1528797600";"12.06.2018 13:00";"61,1";"83,04";"49,44";"49,44"
"1528801200";"12.06.2018 14:00";"56,98";"83,05";"49,27";"49,27"
"1528804800";"12.06.2018 15:00";"61,13";"69,41";"49,19";"49,19"
"1528808400";"12.06.2018 16:00";"61,13";"70,36";"48,97";"48,97"
"1528812000";"12.06.2018 17:00";"61,11";"63,72";"48,38";"48,38"
"1528815600";"12.06.2018 18:00";"58,74";"58,74";"49,48";"49,48"
"1528819200";"12.06.2018 19:00";"56,31";"56,31";"49,85";"49,85"
"1528822800";"12.06.2018 20:00";"56,2";"56,2";"49,84";"49,84"
"1528826400";"12.06.2018 21:00";"54,08";"54,08";"49,28";"49,28"
"1528830000";"12.06.2018 22:00";"51,03";"51,03";"48,94";"48,94"
"1528833600";"12.06.2018 23:00";"50,29";"50,29";"48,91";"48,91"
"1528837200";"13.06.2018 00:00";"46,27";"46,27";"46,27";"46,27"
"1528840800";"13.06.2018 01:00";"46,18";"46,18";"46,18";"46,18"
"1528844400";"13.06.2018 02:00";"44,09";"44,09";"44,09";"44,09"
"1528848000";"13.06.2018 03:00";"42,39";"42,39";"42,39";"42,39"
"1528851600";"13.06.2018 04:00";"41,97";"41,97";"41,97";"41,97"
"1528855200";"13.06.2018 05:00";"41,56";"41,56";"41,56";"41,56"
"1528858800";"13.06.2018 06:00";"46,16";"46,16";"46,16";"46,16"
"1528862400";"13.06.2018 07:00";"49,88";"49,88";"49,88";"49,88"
"1528866000";"13.06.2018 08:00";"61,03";"61,03";"61,03";"61,03"
"1528869600";"13.06.2018 09:00";"68,36";"68,36";"68,36";"68,36"
"1528873200";"13.06.2018 10:00";"71,56";"71,56";"71,56";"71,56"
"1528876800";"13.06.2018 11:00";"70,26";"70,26";"70,26";"70,26"
"1528880400";"13.06.2018 12:00";"69,1";"69,1";"69,1";"69,1"
"1528884000";"13.06.2018 13:00";"67,78";"67,78";"67,78";"67,78"
"1528887600";"13.06.2018 14:00";"69,03";"69,03";"69,03";"69,03"
"1528891200";"13.06.2018 15:00";"69,09";"69,09";"69,09";"69,09"
"1528894800";"13.06.2018 16:00";"61,01";"61,01";"53,96";"53,96"
"1528898400";"13.06.2018 17:00";"53,07";"53,07";"49,27";"49,27"
"1528902000";"13.06.2018 18:00";"53,03";"53,03";"52,63";"52,63"
"1528905600";"13.06.2018 19:00";"61,09";"61,09";"61,09";"61,09"
"1528909200";"13.06.2018 20:00";"61,07";"61,07";"61,07";"61,07"
"1528912800";"13.06.2018 21:00";"56,85";"56,85";"52,22";"52,22"
"1528916400";"13.06.2018 22:00";"54,93";"54,93";"51,23";"51,23"
"1528920000";"13.06.2018 23:00";"51,24";"51,24";"51,24";"51,24"
"1528923600";"14.06.2018 00:00";"46,91";"46,91";"46,91";"46,91"
"1528927200";"14.06.2018 01:00";"47,25";"47,25";"47,25";"47,25"
"1528930800";"14.06.2018 02:00";"45,54";"45,54";"45,54";"45,54"
"1528934400";"14.06.2018 03:00";"43,65";"43,65";"43,65";"43,65"
"1528938000";"14.06.2018 04:00";"42,98";"42,98";"42,98";"42,98"
"1528941600";"14.06.2018 05:00";"43,08";"43,08";"43,08";"43,08"
"1528945200";"14.06.2018 06:00";"44,9";"44,9";"44,9";"44,9"
"1528948800";"14.06.2018 07:00";"50,02";"50,02";"50,02";"50,02"
"1528952400";"14.06.2018 08:00";"61";"61";"61";"61"
"1528956000";"14.06.2018 09:00";"65,68";"65,68";"65,68";"65,68"
"1528959600";"14.06.2018 10:00";"66,6";"66,6";"66,6";"66,6"
"1528963200";"14.06.2018 11:00";"66,76";"66,76";"66,76";"66,76"
"1528966800";"14.06.2018 12:00";"70,11";"70,11";"70,11";"70,11"
"1528970400";"14.06.2018 13:00";"72,6";"72,6";"72,6";"72,6"
"1528974000";"14.06.2018 14:00";"69,03";"69,03";"69,03";"69,03"
"1528977600";"14.06.2018 15:00";"69,04";"69,04";"69,04";"69,04"
"1528981200";"14.06.2018 16:00";"60,95";"60,95";"53,78";"53,78"
"1528984800";"14.06.2018 17:00";"58,95";"58,95";"48,34";"48,34"
"1528988400";"14.06.2018 18:00";"56,8";"56,8";"50,83";"50,83"
"1528992000";"14.06.2018 19:00";"60,03";"60,03";"60,03";"60,03"
"1528995600";"14.06.2018 20:00";"58,88";"58,88";"58,88";"58,88"
"1528999200";"14.06.2018 21:00";"57,79";"57,79";"47,2";"47,2"
"1529002800";"14.06.2018 22:00";"54,62";"54,62";"46,9";"46,9"
"1529006400";"14.06.2018 23:00";"47,02";"47,02";"46,23";"46,23"
"1529010000";"15.06.2018 00:00";"41,19";"41,19";"41,19";"41,19"
"1529013600";"15.06.2018 01:00";"40,06";"40,06";"40,06";"40,06"
"1529017200";"15.06.2018 02:00";"38,75";"38,75";"38,75";"38,75"
"1529020800";"15.06.2018 03:00";"37,8";"37,8";"37,8";"37,8"
"1529024400";"15.06.2018 04:00";"36,77";"36,77";"36,77";"36,77"
"1529028000";"15.06.2018 05:00";"37,73";"37,73";"37,73";"37,73"
"1529031600";"15.06.2018 06:00";"41,92";"41,92";"41,92";"41,92"
"1529035200";"15.06.2018 07:00";"48,03";"48,03";"48,03";"48,03"
"1529038800";"15.06.2018 08:00";"61";"61";"51,28";"51,28"
"1529042400";"15.06.2018 09:00";"63,42";"63,42";"54,06";"54,06"
"1529046000";"15.06.2018 10:00";"61,07";"61,07";"53,87";"53,87"
"1529049600";"15.06.2018 11:00";"61,06";"61,06";"51,7";"51,7"
"1529053200";"15.06.2018 12:00";"61,06";"61,06";"50,49";"50,49"
"1529056800";"15.06.2018 13:00";"61,07";"61,07";"50,47";"50,47"
"1529060400";"15.06.2018 14:00";"61,06";"61,06";"49,9";"49,9"
"1529064000";"15.06.2018 15:00";"61,05";"61,05";"49,27";"49,27"
"1529067600";"15.06.2018 16:00";"61,08";"61,08";"46,11";"46,11"
"1529071200";"15.06.2018 17:00";"59,31";"59,31";"45,92";"45,92"
"1529074800";"15.06.2018 18:00";"56,3";"56,3";"46,15";"46,15"
"1529078400";"15.06.2018 19:00";"56,89";"56,89";"49,84";"49,84"
"1529082000";"15.06.2018 20:00";"56,9";"56,9";"49,6";"49,6"
"1529085600";"15.06.2018 21:00";"54,75";"54,75";"46,16";"46,16"
"1529089200";"15.06.2018 22:00";"52,64";"52,64";"46,09";"46,09"
"1529092800";"15.06.2018 23:00";"48,03";"48,03";"46,12";"46,12"
"1529096400";"16.06.2018 00:00";"45,56";"45,56";"45,56";"45,56"
"1529100000";"16.06.2018 01:00";"43,92";"43,92";"43,92";"43,92"
"1529103600";"16.06.2018 02:00";"41,65";"41,65";"41,65";"41,65"
"1529107200";"16.06.2018 03:00";"41,01";"41,01";"41,01";"41,01"
"1529110800";"16.06.2018 04:00";"40,71";"40,71";"40,71";"40,71"
"1529114400";"16.06.2018 05:00";"40,29";"40,29";"40,29";"40,29"
"1529118000";"16.06.2018 06:00";"41,28";"41,28";"41,28";"41,28"
"1529121600";"16.06.2018 07:00";"42,04";"42,04";"42,04";"42,04"
"1529125200";"16.06.2018 08:00";"43,72";"43,72";"43,72";"43,72"
"1529128800";"16.06.2018 09:00";"50,36";"50,36";"45,83";"45,83"
"1529132400";"16.06.2018 10:00";"64,45";"64,45";"46,4";"46,4"
"1529136000";"16.06.2018 11:00";"70,39";"70,39";"46,61";"46,61"
"1529139600";"16.06.2018 12:00";"94,08";"94,08";"46,23";"46,23"
"1529143200";"16.06.2018 13:00";"70,33";"70,33";"45,4";"45,4"
"1529146800";"16.06.2018 14:00";"64,49";"64,49";"44,87";"44,87"
"1529150400";"16.06.2018 15:00";"53,21";"53,21";"44,51";"44,51"
"1529154000";"16.06.2018 16:00";"54,2";"54,2";"44,47";"44,47"
"1529157600";"16.06.2018 17:00";"49,13";"49,13";"44,72";"44,72"
"1529161200";"16.06.2018 18:00";"45,56";"45,56";"45,53";"45,53"
"1529164800";"16.06.2018 19:00";"46,02";"46,02";"46,02";"46,02"
"1529168400";"16.06.2018 20:00";"46,8";"46,8";"46,8";"46,8"
"1529172000";"16.06.2018 21:00";"46,08";"46,08";"46,08";"46,08"
"1529175600";"16.06.2018 22:00";"45,66";"45,66";"45,66";"45,66"
"1529179200";"16.06.2018 23:00";"46,1";"46,1";"46,1";"46,1"
"1529182800";"17.06.2018 00:00";"44,24";"44,24";"44,24";"44,24"
"1529186400";"17.06.2018 01:00";"43,87";"43,87";"43,87";"43,87"
"1529190000";"17.06.2018 02:00";"42,09";"42,09";"42,09";"42,09"
"1529193600";"17.06.2018 03:00";"40,42";"40,42";"40,42";"40,42"
"1529197200";"17.06.2018 04:00";"40,02";"40,02";"40,02";"40,02"
"1529200800";"17.06.2018 05:00";"39,6";"39,6";"39,6";"39,6"
"1529204400";"17.06.2018 06:00";"39,64";"39,64";"39,64";"39,64"
"1529208000";"17.06.2018 07:00";"40,55";"40,55";"40,55";"40,55"
"1529211600";"17.06.2018 08:00";"41,48";"41,48";"41,48";"41,48"
"1529215200";"17.06.2018 09:00";"43,63";"43,63";"43,63";"43,63"
"1529218800";"17.06.2018 10:00";"44,77";"44,77";"44,77";"44,77"
"1529222400";"17.06.2018 11:00";"45,42";"45,42";"45,42";"45,42"
"1529226000";"17.06.2018 12:00";"46,07";"46,07";"45,7";"45,7"
"1529229600";"17.06.2018 13:00";"46,14";"46,14";"45,45";"45,45"
"1529233200";"17.06.2018 14:00";"45,5";"45,5";"44,88";"44,88"
"1529236800";"17.06.2018 15:00";"44,24";"44,24";"44,24";"44,24"
"1529240400";"17.06.2018 16:00";"44,04";"44,04";"44,04";"44,04"
"1529244000";"17.06.2018 17:00";"44,06";"44,06";"44,06";"44,06"
"1529247600";"17.06.2018 18:00";"45,76";"45,76";"45,76";"45,76"
"1529251200";"17.06.2018 19:00";"44,17";"44,17";"44,17";"44,17"
"1529254800";"17.06.2018 20:00";"45,03";"45,03";"45,03";"45,03"
"1529258400";"17.06.2018 21:00";"45,62";"45,62";"45,62";"45,62"
"1529262000";"17.06.2018 22:00";"45,85";"45,85";"45,85";"45,85"
"1529265600";"17.06.2018 23:00";"45,81";"45,81";"45,81";"45,81"
"1529269200";"18.06.2018 00:00";"44,4";"44,4";"44,4";"44,4"
"1529272800";"18.06.2018 01:00";"43,46";"43,46";"43,46";"43,46"
"1529276400";"18.06.2018 02:00";"40,5";"40,5";"40,5";"40,5"
"1529280000";"18.06.2018 03:00";"39,01";"39,01";"39,01";"39,01"
"1529283600";"18.06.2018 04:00";"37,69";"37,69";"37,69";"37,69"
"1529287200";"18.06.2018 05:00";"36,82";"36,82";"36,82";"36,82"
"1529290800";"18.06.2018 06:00";"40,85";"40,85";"40,85";"40,85"
"1529294400";"18.06.2018 07:00";"49,87";"49,87";"49,87";"49,87"
"1529298000";"18.06.2018 08:00";"60,03";"60,03";"60,03";"60,03"
"1529301600";"18.06.2018 09:00";"64,51";"64,51";"64,51";"64,51"
"1529305200";"18.06.2018 10:00";"64,05";"64,05";"64,05";"64,05"
"1529308800";"18.06.2018 11:00";"62,14";"62,14";"62,14";"62,14"
"1529312400";"18.06.2018 12:00";"61";"61";"55,89";"55,89"
"1529316000";"18.06.2018 13:00";"62,1";"62,1";"50,55";"50,55"
"1529319600";"18.06.2018 14:00";"61";"61";"49,89";"49,89"
"1529323200";"18.06.2018 15:00";"60,97";"60,97";"49,86";"49,86"
"1529326800";"18.06.2018 16:00";"55,33";"55,33";"44,98";"44,98"
"1529330400";"18.06.2018 17:00";"60,94";"60,94";"44,58";"44,58"
"1529334000";"18.06.2018 18:00";"60,73";"60,73";"45,54";"45,54"
"1529337600";"18.06.2018 19:00";"59,5";"59,5";"49,89";"49,89"
"1529341200";"18.06.2018 20:00";"60,46";"60,46";"49,89";"49,89"
"1529344800";"18.06.2018 21:00";"57,04";"57,04";"45,3";"45,3"
"1529348400";"18.06.2018 22:00";"52,01";"52,01";"44,9";"44,9"
"1529352000";"18.06.2018 23:00";"44,2";"44,2";"44,2";"44,2"
"1529355600";"19.06.2018 00:00";"41,59";"41,59";"41,59";"41,59"
"1529359200";"19.06.2018 01:00";"39,65";"39,65";"39,65";"39,65"
"1529362800";"19.06.2018 02:00";"37,01";"37,01";"37,01";"37,01"
"1529366400";"19.06.2018 03:00";"34,03";"34,03";"34,03";"34,03"
"1529370000";"19.06.2018 04:00";"26,82";"26,82";"26,82";"26,82"
"1529373600";"19.06.2018 05:00";"26,98";"26,98";"26,98";"26,98"
"1529377200";"19.06.2018 06:00";"35,02";"35,02";"35,02";"35,02"
"1529380800";"19.06.2018 07:00";"45,84";"45,84";"45,84";"45,84"
"1529384400";"19.06.2018 08:00";"53,12";"53,12";"49,86";"49,86"
"1529388000";"19.06.2018 09:00";"61,05";"61,05";"49,85";"49,85"
"1529391600";"19.06.2018 10:00";"61,2";"61,2";"49,82";"49,82"
"1529395200";"19.06.2018 11:00";"58,06";"58,06";"47,98";"47,98"
"1529398800";"19.06.2018 12:00";"58,2";"58,2";"46,55";"46,55"
"1529402400";"19.06.2018 13:00";"58,14";"58,14";"47,35";"47,35"
"1529406000";"19.06.2018 14:00";"57,05";"57,05";"46,96";"46,96"
"1529409600";"19.06.2018 15:00";"55,91";"55,91";"45,73";"45,73"
"1529413200";"19.06.2018 16:00";"53,04";"53,04";"43,15";"43,15"
"1529416800";"19.06.2018 17:00";"52,79";"52,79";"42,6";"42,6"
"1529420400";"19.06.2018 18:00";"52,39";"52,39";"43,33";"43,33"
"1529424000";"19.06.2018 19:00";"52,38";"52,38";"48,48";"48,48"
"1529427600";"19.06.2018 20:00";"55,13";"55,13";"47,09";"47,09"
"1529431200";"19.06.2018 21:00";"49,76";"49,76";"43,81";"43,81"
"1529434800";"19.06.2018 22:00";"49,76";"49,76";"43,24";"43,24"
"1529438400";"19.06.2018 23:00";"43,06";"43,06";"43,06";"43,06"
"1529442000";"20.06.2018 00:00";"41,09";"41,09";"41,09";"41,09"
"1529445600";"20.06.2018 01:00";"41,04";"41,04";"41,04";"41,04"
"1529449200";"20.06.2018 02:00";"38,4";"38,4";"38,4";"38,4"
"1529452800";"20.06.2018 03:00";"38,07";"38,07";"38,07";"38,07"
"1529456400";"20.06.2018 04:00";"38,03";"38,03";"38,03";"38,03"
"1529460000";"20.06.2018 05:00";"37,12";"37,12";"37,12";"37,12"
"1529463600";"20.06.2018 06:00";"40,94";"40,94";"40,94";"40,94"
"1529467200";"20.06.2018 07:00";"46,24";"46,24";"44,38";"44,38"
"1529470800";"20.06.2018 08:00";"56,82";"56,82";"45,34";"45,34"
"1529474400";"20.06.2018 09:00";"61,16";"61,16";"45,68";"45,68"
"1529478000";"20.06.2018 10:00";"61,14";"61,14";"45,74";"45,74"
"1529481600";"20.06.2018 11:00";"61,12";"61,12";"45,6";"45,6"
"1529485200";"20.06.2018 12:00";"61,12";"61,12";"44,97";"44,97"
"1529488800";"20.06.2018 13:00";"61,18";"61,18";"44,97";"44,97"
"1529492400";"20.06.2018 14:00";"61,13";"61,13";"45,7";"45,7"
"1529496000";"20.06.2018 15:00";"61,11";"61,11";"44,42";"44,42"
"1529499600";"20.06.2018 16:00";"61,1";"61,1";"42,15";"42,15"
"1529503200";"20.06.2018 17:00";"51,06";"51,06";"41,95";"41,95"
"1529506800";"20.06.2018 18:00";"61,17";"61,17";"43,12";"43,12"
"1529510400";"20.06.2018 19:00";"61,12";"61,12";"43,76";"43,76"
"1529514000";"20.06.2018 20:00";"61,13";"61,13";"43,56";"43,56"
"1529517600";"20.06.2018 21:00";"47,05";"47,05";"43,06";"43,06"
"1529521200";"20.06.2018 22:00";"46,02";"46,02";"42,65";"42,65"
"1529524800";"20.06.2018 23:00";"42,32";"42,32";"42,32";"42,32"
"1529528400";"21.06.2018 00:00";"41,56";"41,56";"41,56";"41,56"
"1529532000";"21.06.2018 01:00";"38,79";"38,79";"38,79";"38,79"
"1529535600";"21.06.2018 02:00";"38";"38";"38";"38"
"1529539200";"21.06.2018 03:00";"35,04";"35,04";"35,04";"35,04"
"1529542800";"21.06.2018 04:00";"37,09";"37,09";"37,09";"37,09"
"1529546400";"21.06.2018 05:00";"35,01";"35,01";"35,01";"35,01"
"1529550000";"21.06.2018 06:00";"39,37";"39,37";"39,37";"39,37"
"1529553600";"21.06.2018 07:00";"45,98";"45,98";"45,98";"45,98"
"1529557200";"21.06.2018 08:00";"57,73";"57,73";"57,73";"57,73"
"1529560800";"21.06.2018 09:00";"62,04";"62,04";"62,04";"62,04"
"1529564400";"21.06.2018 10:00";"60,8";"60,8";"60,8";"60,8"
"1529568000";"21.06.2018 11:00";"60,81";"60,81";"60,81";"60,81"
"1529571600";"21.06.2018 12:00";"59,8";"59,8";"59,8";"59,8"
"1529575200";"21.06.2018 13:00";"60,84";"60,84";"60,84";"60,84"
"1529578800";"21.06.2018 14:00";"55,81";"55,81";"55,81";"55,81"
"1529582400";"21.06.2018 15:00";"52,99";"52,99";"52,99";"52,99"
"1529586000";"21.06.2018 16:00";"57,65";"57,65";"49,11";"49,11"
"1529589600";"21.06.2018 17:00";"51,09";"51,09";"41,92";"41,92"
"1529593200";"21.06.2018 18:00";"52,3";"52,3";"49,83";"49,83"
"1529596800";"21.06.2018 19:00";"60,59";"60,59";"60,59";"60,59"
"1529600400";"21.06.2018 20:00";"59,08";"59,08";"59,08";"59,08"
"1529604000";"21.06.2018 21:00";"46,55";"46,55";"45,28";"45,28"
"1529607600";"21.06.2018 22:00";"40,37";"40,37";"40,37";"40,37"
"1529611200";"21.06.2018 23:00";"38,79";"38,79";"38,79";"38,79"
"1529614800";"22.06.2018 00:00";"22,02";"22,02";"22,02";"22,02"
"1529618400";"22.06.2018 01:00";"15,86";"15,86";"15,86";"15,86"
"1529622000";"22.06.2018 02:00";"15,21";"15,21";"15,21";"15,21"
"1529625600";"22.06.2018 03:00";"13,09";"13,09";"13,09";"13,09"
"1529629200";"22.06.2018 04:00";"4,56";"4,56";"4,56";"4,56"
"1529632800";"22.06.2018 05:00";"4,34";"4,34";"4,34";"4,34"
"1529636400";"22.06.2018 06:00";"10,38";"10,38";"10,38";"10,38"
"1529640000";"22.06.2018 07:00";"32,35";"32,35";"32,35";"32,35"
"1529643600";"22.06.2018 08:00";"48,17";"48,17";"41,42";"48,17"
"1529647200";"22.06.2018 09:00";"49,57";"49,57";"42,49";"42,49"
"1529650800";"22.06.2018 10:00";"53,66";"53,66";"42,72";"53,66"
"1529654400";"22.06.2018 11:00";"55,21";"55,21";"43,75";"55,21"
"1529658000";"22.06.2018 12:00";"57,23";"57,23";"41,95";"57,23"
"1529661600";"22.06.2018 13:00";"58,53";"58,53";"39,96";"58,53"
"1529665200";"22.06.2018 14:00";"51";"51";"41,09";"42,09"
"1529668800";"22.06.2018 15:00";"42,04";"42,04";"41";"42,04"
"1529672400";"22.06.2018 16:00";"51,04";"51,04";"35,08";"42,04"
"1529676000";"22.06.2018 17:00";"51,05";"51,05";"33,47";"42,01"
"1529679600";"22.06.2018 18:00";"51,07";"51,07";"37,08";"38,78"
"1529683200";"22.06.2018 19:00";"58,53";"58,53";"43,26";"43,26"
"1529686800";"22.06.2018 20:00";"59,07";"59,07";"42,1";"42,1"
"1529690400";"22.06.2018 21:00";"46,08";"46,08";"36,52";"42"
"1529694000";"22.06.2018 22:00";"38,71";"38,71";"35,75";"38,71"
"1529697600";"22.06.2018 23:00";"35,97";"35,97";"35,97";"35,97"
"1529701200";"23.06.2018 00:00";"33,27";"33,27";"33,27";"33,27"
"1529704800";"23.06.2018 01:00";"24,04";"24,04";"24,04";"24,04"
"1529708400";"23.06.2018 02:00";"18,42";"18,42";"18,42";"18,42"
"1529712000";"23.06.2018 03:00";"17,99";"17,99";"17,99";"17,99"
"1529715600";"23.06.2018 04:00";"15,45";"15,45";"15,45";"15,45"
"1529719200";"23.06.2018 05:00";"11,05";"11,05";"11,05";"11,05"
"1529722800";"23.06.2018 06:00";"13,01";"13,01";"13,01";"13,01"
"1529726400";"23.06.2018 07:00";"17,04";"17,04";"17,04";"17,04"
"1529730000";"23.06.2018 08:00";"36,05";"36,05";"36,05";"36,05"
"1529733600";"23.06.2018 09:00";"45,99";"45,99";"40,15";"40,15"
"1529737200";"23.06.2018 10:00";"46,07";"46,07";"42,03";"42,09"
"1529740800";"23.06.2018 11:00";"46,1";"46,1";"42,83";"46,1"
"1529744400";"23.06.2018 12:00";"60,61";"60,61";"42,64";"60,61"
"1529748000";"23.06.2018 13:00";"56,77";"56,77";"42,19";"56,77"
"1529751600";"23.06.2018 14:00";"53,29";"53,29";"41,95";"53,29"
"1529755200";"23.06.2018 15:00";"46,05";"46,05";"41,33";"46,05"
"1529758800";"23.06.2018 16:00";"46,02";"46,02";"41,01";"46,02"
"1529762400";"23.06.2018 17:00";"44,04";"44,04";"40,39";"44,04"
"1529766000";"23.06.2018 18:00";"44,1";"44,1";"41,76";"44,1"
"1529769600";"23.06.2018 19:00";"44,03";"44,03";"41,95";"44,03"
"1529773200";"23.06.2018 20:00";"43,09";"43,09";"42,52";"43,09"
"1529776800";"23.06.2018 21:00";"42,96";"42,96";"42,67";"42,96"
"1529780400";"23.06.2018 22:00";"42,6";"42,6";"42,6";"42,6"
"1529784000";"23.06.2018 23:00";"42,26";"42,26";"42,26";"42,26"
"1529787600";"24.06.2018 00:00";"39,44";"39,44";"39,44";"39,44"
"1529791200";"24.06.2018 01:00";"39,66";"39,66";"39,66";"39,66"
"1529794800";"24.06.2018 02:00";"38,01";"38,01";"38,01";"38,01"
"1529798400";"24.06.2018 03:00";"36,61";"36,61";"36,61";"36,61"
"1529802000";"24.06.2018 04:00";"35,78";"35,78";"35,78";"35,78"
"1529805600";"24.06.2018 05:00";"35,45";"35,45";"35,45";"35,45"
"1529809200";"24.06.2018 06:00";"35,59";"35,59";"35,59";"35,59"
"1529812800";"24.06.2018 07:00";"39,14";"39,14";"39,14";"39,14"
"1529816400";"24.06.2018 08:00";"40,72";"40,72";"40,72";"40,72"
"1529820000";"24.06.2018 09:00";"43,08";"43,08";"43,08";"43,08"
"1529823600";"24.06.2018 10:00";"43,33";"43,33";"43,33";"43,33"
"1529827200";"24.06.2018 11:00";"43,96";"43,96";"43,96";"43,96"
"1529830800";"24.06.2018 12:00";"44,35";"44,35";"44,35";"44,35"
"1529834400";"24.06.2018 13:00";"44,28";"44,28";"44,28";"44,28"
"1529838000";"24.06.2018 14:00";"44,14";"44,14";"44,14";"44,14"
"1529841600";"24.06.2018 15:00";"44,24";"44,24";"44,24";"44,24"
"1529845200";"24.06.2018 16:00";"43,9";"43,9";"43,9";"43,9"
"1529848800";"24.06.2018 17:00";"43,91";"43,91";"43,91";"43,91"
"1529852400";"24.06.2018 18:00";"44,06";"44,06";"44,06";"44,06"
"1529856000";"24.06.2018 19:00";"44,32";"44,32";"44,32";"44,32"
"1529859600";"24.06.2018 20:00";"44,95";"44,95";"44,95";"44,95"
"1529863200";"24.06.2018 21:00";"44,91";"44,91";"44,91";"44,91"
"1529866800";"24.06.2018 22:00";"45,56";"45,56";"45,56";"45,56"
"1529870400";"24.06.2018 23:00";"45,52";"45,52";"45,52";"45,52"
"1529874000";"25.06.2018 00:00";"43,29";"43,29";"43,29";"43,29"
"1529877600";"25.06.2018 01:00";"42,56";"42,56";"42,56";"42,56"
"1529881200";"25.06.2018 02:00";"40,97";"40,97";"40,97";"40,97"
"1529884800";"25.06.2018 03:00";"39,68";"39,68";"39,68";"39,68"
"1529888400";"25.06.2018 04:00";"39,32";"39,32";"39,32";"39,32"
"1529892000";"25.06.2018 05:00";"36,98";"36,98";"36,98";"36,98"
"1529895600";"25.06.2018 06:00";"43,04";"43,04";"43,04";"43,04"
"1529899200";"25.06.2018 07:00";"46,32";"46,32";"46,32";"46,32"
"1529902800";"25.06.2018 08:00";"57,22";"57,22";"57,22";"57,22"
"1529906400";"25.06.2018 09:00";"65,61";"65,61";"64,11";"64,11"
"1529910000";"25.06.2018 10:00";"69,64";"69,64";"62,78";"62,78"
"1529913600";"25.06.2018 11:00";"71,9";"71,9";"64,76";"64,76"
"1529917200";"25.06.2018 12:00";"72,06";"72,06";"66,79";"66,79"
"1529920800";"25.06.2018 13:00";"76,72";"76,72";"58,88";"58,88"
"1529924400";"25.06.2018 14:00";"72,02";"72,02";"56,84";"56,84"
"1529928000";"25.06.2018 15:00";"69,42";"69,42";"57,87";"57,87"
"1529931600";"25.06.2018 16:00";"59,2";"59,2";"46,34";"46,34"
"1529935200";"25.06.2018 17:00";"58";"58";"45,49";"45,49"
"1529938800";"25.06.2018 18:00";"56,8";"56,8";"46,49";"46,49"
"1529942400";"25.06.2018 19:00";"55,85";"55,85";"50,59";"50,59"
"1529946000";"25.06.2018 20:00";"57,04";"57,04";"50,23";"50,23"
"1529949600";"25.06.2018 21:00";"55,52";"55,52";"46,07";"46,07"
"1529953200";"25.06.2018 22:00";"48,87";"48,87";"45,77";"45,77"
"1529956800";"25.06.2018 23:00";"46,7";"46,7";"45,59";"45,59"
"1529960400";"26.06.2018 00:00";"43,99";"43,99";"43,99";"43,99"
"1529964000";"26.06.2018 01:00";"44,09";"44,09";"44,09";"44,09"
"1529967600";"26.06.2018 02:00";"42,26";"42,26";"42,26";"42,26"
"1529971200";"26.06.2018 03:00";"41,28";"41,28";"41,28";"41,28"
"1529974800";"26.06.2018 04:00";"41,56";"41,56";"41,56";"41,56"
"1529978400";"26.06.2018 05:00";"41,15";"41,15";"41,15";"41,15"
"1529982000";"26.06.2018 06:00";"43,34";"43,34";"43,34";"43,34"
"1529985600";"26.06.2018 07:00";"47,56";"47,56";"47,56";"47,56"
"1529989200";"26.06.2018 08:00";"56,96";"56,96";"56,96";"56,96"
"1529992800";"26.06.2018 09:00";"62,39";"62,39";"60,17";"60,17"
"1529996400";"26.06.2018 10:00";"69,09";"69,09";"60,21";"60,21"
"1530000000";"26.06.2018 11:00";"68,14";"68,14";"60,74";"60,74"
"1530003600";"26.06.2018 12:00";"69,46";"69,46";"58,05";"58,05"
"1530007200";"26.06.2018 13:00";"69,41";"69,41";"55,23";"55,23"
"1530010800";"26.06.2018 14:00";"69,3";"69,3";"52,58";"52,58"
"1530014400";"26.06.2018 15:00";"60,59";"60,59";"50,83";"50,83"
"1530018000";"26.06.2018 16:00";"60,57";"60,57";"48,79";"48,79"
"1530021600";"26.06.2018 17:00";"55,1";"55,1";"46,98";"46,98"
"1530025200";"26.06.2018 18:00";"52,67";"52,67";"47,79";"47,79"
"1530028800";"26.06.2018 19:00";"52,73";"52,73";"49,83";"49,83"
"1530032400";"26.06.2018 20:00";"54,88";"54,88";"48,17";"48,17"
"1530036000";"26.06.2018 21:00";"53,4";"53,4";"47,04";"47,04"
"1530039600";"26.06.2018 22:00";"51,64";"51,64";"46,79";"46,79"
"1530043200";"26.06.2018 23:00";"49,41";"49,41";"46,51";"46,51"
"1530046800";"27.06.2018 00:00";"44,42";"44,42";"44,42";"44,42"
"1530050400";"27.06.2018 01:00";"43,96";"43,96";"43,96";"43,96"
"1530054000";"27.06.2018 02:00";"41,94";"41,94";"41,94";"41,94"
"1530057600";"27.06.2018 03:00";"41,62";"41,62";"41,62";"41,62"
"1530061200";"27.06.2018 04:00";"41,48";"41,48";"41,48";"41,48"
"1530064800";"27.06.2018 05:00";"40,33";"40,33";"40,33";"40,33"
"1530068400";"27.06.2018 06:00";"43,82";"43,82";"43,82";"43,82"
"1530072000";"27.06.2018 07:00";"49,56";"49,56";"47,29";"47,29"
"1530075600";"27.06.2018 08:00";"58,17";"58,17";"47,78";"47,78"
"1530079200";"27.06.2018 09:00";"69,14";"69,14";"49,12";"49,12"
"1530082800";"27.06.2018 10:00";"71,85";"71,85";"49,14";"49,14"
"1530086400";"27.06.2018 11:00";"71,49";"71,49";"49,12";"49,12"
"1530090000";"27.06.2018 12:00";"80,81";"80,81";"49,11";"49,11"
"1530093600";"27.06.2018 13:00";"80,61";"80,61";"49,15";"49,15"
"1530097200";"27.06.2018 14:00";"76,05";"76,05";"49,17";"49,17"
"1530100800";"27.06.2018 15:00";"71,78";"71,78";"48,7";"48,7"
"1530104400";"27.06.2018 16:00";"63,09";"63,09";"48,15";"48,15"
"1530108000";"27.06.2018 17:00";"61,75";"61,75";"47,55";"47,55"
"1530111600";"27.06.2018 18:00";"58,54";"58,54";"48,15";"48,15"
"1530115200";"27.06.2018 19:00";"52,05";"52,05";"49,05";"49,05"
"1530118800";"27.06.2018 20:00";"55,2";"55,2";"48,79";"48,79"
"1530122400";"27.06.2018 21:00";"52,6";"52,6";"47,89";"47,89"
"1530126000";"27.06.2018 22:00";"50,02";"50,02";"48,14";"48,14"
"1530129600";"27.06.2018 23:00";"47,7";"47,7";"47,7";"47,7"
"1530133200";"28.06.2018 00:00";"45,34";"45,34";"45,34";"45,34"
"1530136800";"28.06.2018 01:00";"44,7";"44,7";"44,7";"44,7"
"1530140400";"28.06.2018 02:00";"41,67";"41,67";"41,67";"41,67"
"1530144000";"28.06.2018 03:00";"41,63";"41,63";"41,63";"41,63"
"1530147600";"28.06.2018 04:00";"41,03";"41,03";"41,03";"41,03"
"1530151200";"28.06.2018 05:00";"40";"40";"40";"40"
"1530154800";"28.06.2018 06:00";"44,01";"44,01";"44,01";"44,01"
"1530158400";"28.06.2018 07:00";"47,13";"47,13";"47,13";"47,13"
"1530162000";"28.06.2018 08:00";"52,96";"52,96";"52,57";"52,57"
"1530165600";"28.06.2018 09:00";"58,5";"58,5";"54,98";"54,98"
"1530169200";"28.06.2018 10:00";"60,61";"60,61";"53,13";"53,13"
"1530172800";"28.06.2018 11:00";"60,65";"60,65";"51,43";"51,43"
"1530176400";"28.06.2018 12:00";"60,62";"60,62";"52,34";"52,34"
"1530180000";"28.06.2018 13:00";"61,79";"61,79";"51,66";"51,66"
"1530183600";"28.06.2018 14:00";"61,74";"61,74";"50,16";"50,16"
"1530187200";"28.06.2018 15:00";"61,1";"61,1";"50,43";"50,43"
"1530190800";"28.06.2018 16:00";"60,67";"60,67";"47,59";"47,59"
"1530194400";"28.06.2018 17:00";"60,63";"60,63";"46,68";"46,68"
"1530198000";"28.06.2018 18:00";"56,07";"56,07";"47,38";"47,38"
"1530201600";"28.06.2018 19:00";"52,74";"52,74";"50,8";"50,8"
"1530205200";"28.06.2018 20:00";"55,8";"55,8";"49,17";"49,17"
"1530208800";"28.06.2018 21:00";"53,9";"53,9";"46,88";"46,88"
"1530212400";"28.06.2018 22:00";"51,5";"51,5";"45,78";"45,78"
"1530216000";"28.06.2018 23:00";"46,1";"46,1";"45,71";"45,71"
"1530219600";"29.06.2018 00:00";"41,46";"41,46";"41,46";"41,46"
"1530223200";"29.06.2018 01:00";"39";"39";"39";"39"
"1530226800";"29.06.2018 02:00";"37,89";"37,89";"37,89";"37,89"
"1530230400";"29.06.2018 03:00";"36,02";"36,02";"36,02";"36,02"
"1530234000";"29.06.2018 04:00";"35,65";"35,65";"33,98";"33,98"
"1530237600";"29.06.2018 05:00";"35,34";"35,34";"33,96";"33,96"
"1530241200";"29.06.2018 06:00";"38,15";"38,15";"38,15";"38,15"
"1530244800";"29.06.2018 07:00";"50,45";"50,45";"45,15";"45,15"
"1530248400";"29.06.2018 08:00";"67,66";"67,66";"47,85";"47,85"
"1530252000";"29.06.2018 09:00";"71,64";"71,64";"49,07";"49,07"
"1530255600";"29.06.2018 10:00";"71,65";"71,65";"49,58";"49,58"
"1530259200";"29.06.2018 11:00";"71,61";"71,61";"49,45";"49,45"
"1530262800";"29.06.2018 12:00";"61,87";"61,87";"49,09";"49,09"
"1530266400";"29.06.2018 13:00";"64,3";"64,3";"48,21";"48,21"
"1530270000";"29.06.2018 14:00";"61,85";"61,85";"47,74";"47,74"
"1530273600";"29.06.2018 15:00";"61,06";"61,06";"47,08";"47,08"
"1530277200";"29.06.2018 16:00";"55,81";"55,81";"46,43";"46,43"
"1530280800";"29.06.2018 17:00";"51,62";"51,62";"46,17";"46,17"
"1530284400";"29.06.2018 18:00";"51,03";"51,03";"46,18";"46,18"
"1530288000";"29.06.2018 19:00";"50,74";"50,74";"47,72";"47,72"
"1530291600";"29.06.2018 20:00";"50,95";"50,95";"48,71";"48,71"
"1530295200";"29.06.2018 21:00";"49,73";"49,73";"48,6";"48,6"
"1530298800";"29.06.2018 22:00";"48,66";"48,66";"48,26";"48,26"
"1530302400";"29.06.2018 23:00";"46,98";"46,98";"46,98";"46,98"
"1530306000";"30.06.2018 00:00";"43,28";"43,28";"43,28";"43,28"
"1530309600";"30.06.2018 01:00";"45,04";"45,04";"45,04";"45,04"
"1530313200";"30.06.2018 02:00";"43,05";"43,05";"43,05";"43,05"
"1530316800";"30.06.2018 03:00";"43,23";"43,23";"43,23";"43,23"
"1530320400";"30.06.2018 04:00";"40,21";"40,21";"40,21";"40,21"
"1530324000";"30.06.2018 05:00";"40,65";"40,65";"40,65";"40,65"
"1530327600";"30.06.2018 06:00";"43,17";"43,17";"43,17";"43,17"
"1530331200";"30.06.2018 07:00";"44,78";"44,78";"44,78";"44,78"
"1530334800";"30.06.2018 08:00";"46,03";"46,03";"46,03";"46,03"
"1530338400";"30.06.2018 09:00";"47,7";"47,7";"47,7";"47,7"
"1530342000";"30.06.2018 10:00";"47,62";"47,62";"47,62";"47,62"
"1530345600";"30.06.2018 11:00";"48,22";"48,22";"48,22";"48,22"
"1530349200";"30.06.2018 12:00";"47,92";"47,92";"47,92";"47,92"
"1530352800";"30.06.2018 13:00";"47,5";"47,5";"47,5";"47,5"
"1530356400";"30.06.2018 14:00";"46,34";"46,34";"46,34";"46,34"
"1530360000";"30.06.2018 15:00";"45,82";"45,82";"45,82";"45,82"
"1530363600";"30.06.2018 16:00";"45,44";"45,44";"45,44";"45,44"
"1530367200";"30.06.2018 17:00";"45,42";"45,42";"45,42";"45,42"
"1530370800";"30.06.2018 18:00";"46,37";"46,37";"46,37";"46,37"
"1530374400";"30.06.2018 19:00";"47,62";"47,62";"47,62";"47,62"
"1530378000";"30.06.2018 20:00";"48,54";"48,54";"48,54";"48,54"
"1530381600";"30.06.2018 21:00";"48,16";"48,16";"48,16";"48,16"
"1530385200";"30.06.2018 22:00";"47,51";"47,51";"47,51";"47,51"
"1530388800";"30.06.2018 23:00";"47,38";"47,38";"47,38";"47,38"
"1530392400";"01.07.2018 00:00";"45,45";"45,45";"45,45";"45,45"
"1530396000";"01.07.2018 01:00";"46,08";"46,08";"46,08";"46,08"
"1530399600";"01.07.2018 02:00";"44,49";"44,49";"44,49";"44,49"
"1530403200";"01.07.2018 03:00";"43,12";"43,12";"43,12";"43,12"
"1530406800";"01.07.2018 04:00";"42,36";"42,36";"42,36";"42,36"
"1530410400";"01.07.2018 05:00";"42,06";"42,06";"42,06";"42,06"
"1530414000";"01.07.2018 06:00";"42,33";"42,33";"42,33";"42,33"
"1530417600";"01.07.2018 07:00";"44,16";"44,16";"44,16";"44,16"
"1530421200";"01.07.2018 08:00";"45,02";"45,02";"45,02";"45,02"
"1530424800";"01.07.2018 09:00";"45,42";"45,42";"45,42";"45,42"
"1530428400";"01.07.2018 10:00";"45,57";"45,57";"45,57";"45,57"
"1530432000";"01.07.2018 11:00";"45,97";"45,97";"45,97";"45,97"
"1530435600";"01.07.2018 12:00";"46,03";"46,03";"46,03";"46,03"
"1530439200";"01.07.2018 13:00";"46,02";"46,02";"46,02";"46,02"
"1530442800";"01.07.2018 14:00";"45,82";"45,82";"45,82";"45,82"
"1530446400";"01.07.2018 15:00";"45,61";"45,61";"45,61";"45,61"
"1530450000";"01.07.2018 16:00";"46";"46";"46";"46"
"1530453600";"01.07.2018 17:00";"45,92";"45,92";"45,92";"45,92"
"1530457200";"01.07.2018 18:00";"46,25";"46,25";"46,25";"46,25"
"1530460800";"01.07.2018 19:00";"46,79";"46,79";"46,79";"46,79"
"1530464400";"01.07.2018 20:00";"48,37";"48,37";"48,37";"48,37"
"1530468000";"01.07.2018 21:00";"48,91";"48,91";"48,91";"48,91"
"1530471600";"01.07.2018 22:00";"47,04";"47,04";"47,04";"47,04"
"1530475200";"01.07.2018 23:00";"48,04";"48,04";"48,04";"48,04"
"1530478800";"02.07.2018 00:00";"46,53";"46,08";"46,53";"46,53"
"1530482400";"02.07.2018 01:00";"47,7";"47,7";"47,7";"47,7"
"1530486000";"02.07.2018 02:00";"46,21";"46,21";"46,21";"46,21"
"1530489600";"02.07.2018 03:00";"45,91";"45,91";"45,91";"45,91"
"1530493200";"02.07.2018 04:00";"45,39";"45,39";"45,39";"45,39"
"1530496800";"02.07.2018 05:00";"44,28";"44,28";"44,28";"44,28"
"1530500400";"02.07.2018 06:00";"46";"46";"46";"46"
"1530504000";"02.07.2018 07:00";"49,49";"49,49";"49,49";"49,49"
"1530507600";"02.07.2018 08:00";"50,96";"50,96";"50,96";"50,96"
"1530511200";"02.07.2018 09:00";"54,02";"54,02";"54,02";"54,02"
"1530514800";"02.07.2018 10:00";"52,14";"52,14";"52,14";"52,14"
"1530518400";"02.07.2018 11:00";"50,82";"50,82";"50,82";"50,82"
"1530522000";"02.07.2018 12:00";"50,79";"50,79";"50,79";"50,79"
"1530525600";"02.07.2018 13:00";"51,35";"51,35";"51,35";"51,35"
"1530529200";"02.07.2018 14:00";"51,35";"51,35";"50,9";"50,9"
"1530532800";"02.07.2018 15:00";"50,94";"50,94";"50,94";"50,94"
"1530536400";"02.07.2018 16:00";"50,91";"50,91";"50,68";"50,68"
"1530540000";"02.07.2018 17:00";"50,46";"50,46";"50,46";"50,46"
"1530543600";"02.07.2018 18:00";"51,99";"51,99";"51,99";"51,99"
"1530547200";"02.07.2018 19:00";"55,24";"55,24";"55,24";"55,24"
"1530550800";"02.07.2018 20:00";"58,73";"58,73";"58,44";"58,44"
"1530554400";"02.07.2018 21:00";"57,6";"57,6";"53,24";"53,24"
"1530558000";"02.07.2018 22:00";"53,27";"53,27";"52,96";"52,96"
"1530561600";"02.07.2018 23:00";"51,32";"51,32";"51,32";"51,32"
"1530565200";"03.07.2018 00:00";"48,94";"48,94";"48,94";"48,94"
"1530568800";"03.07.2018 01:00";"48,53";"48,53";"48,53";"48,53"
"1530572400";"03.07.2018 02:00";"46,9";"46,9";"46,9";"46,9"
"1530576000";"03.07.2018 03:00";"45,18";"45,18";"45,18";"45,18"
"1530579600";"03.07.2018 04:00";"44,77";"44,77";"44,77";"44,77"
"1530583200";"03.07.2018 05:00";"44,56";"44,56";"44,56";"44,56"
"1530586800";"03.07.2018 06:00";"46,79";"46,79";"46,79";"46,79"
"1530590400";"03.07.2018 07:00";"50,21";"50,21";"50,21";"50,21"
"1530594000";"03.07.2018 08:00";"56,93";"56,93";"56,43";"56,43"
"1530597600";"03.07.2018 09:00";"60,4";"60,4";"60,4";"60,4"
"1530601200";"03.07.2018 10:00";"59,98";"59,98";"57,89";"57,89"
"1530604800";"03.07.2018 11:00";"59,97";"59,97";"58,34";"58,34"
"1530608400";"03.07.2018 12:00";"61,02";"61,02";"56";"56"
"1530612000";"03.07.2018 13:00";"61,01";"61,01";"59,1";"59,1"
"1530615600";"03.07.2018 14:00";"59,91";"59,91";"55,95";"55,95"
"1530619200";"03.07.2018 15:00";"59,9";"59,9";"55,73";"55,73"
"1530622800";"03.07.2018 16:00";"59,09";"59,09";"53,86";"53,86"
"1530626400";"03.07.2018 17:00";"51,78";"51,78";"51,78";"51,78"
"1530630000";"03.07.2018 18:00";"52,99";"52,99";"52,99";"52,99"
"1530633600";"03.07.2018 19:00";"54,94";"54,94";"54,94";"54,94"
"1530637200";"03.07.2018 20:00";"60,19";"60,19";"55,39";"55,39"
"1530640800";"03.07.2018 21:00";"61,52";"61,52";"52,54";"52,54"
"1530644400";"03.07.2018 22:00";"58,57";"58,57";"51,74";"51,74"
"1530648000";"03.07.2018 23:00";"53,59";"53,59";"52,22";"53,06"
"1530651600";"04.07.2018 00:00";"49,44";"49,44";"50,28";"49,44"
"1530655200";"04.07.2018 01:00";"47,99";"47,99";"47,99";"47,99"
"1530658800";"04.07.2018 02:00";"46,24";"46,24";"46,24";"46,24"
"1530662400";"04.07.2018 03:00";"45,8";"45,8";"45,8";"45,8"
"1530666000";"04.07.2018 04:00";"46,02";"46,02";"46,02";"46,02"
"1530669600";"04.07.2018 05:00";"45,44";"45,44";"45,44";"45,44"
"1530673200";"04.07.2018 06:00";"47,79";"47,79";"47,79";"47,79"
"1530676800";"04.07.2018 07:00";"51,16";"51,16";"51,16";"51,16"
"1530680400";"04.07.2018 08:00";"57,44";"57,44";"57,44";"57,44"
"1530684000";"04.07.2018 09:00";"61,14";"61,14";"60,68";"60,68"
"1530687600";"04.07.2018 10:00";"64,82";"64,82";"58,86";"58,86"
"1530691200";"04.07.2018 11:00";"64,03";"64,03";"59,12";"59,12"
"1530694800";"04.07.2018 12:00";"70,7";"70,7";"57,8";"57,8"
"1530698400";"04.07.2018 13:00";"65,96";"65,96";"55,52";"55,52"
"1530702000";"04.07.2018 14:00";"68,07";"68,07";"53,64";"53,64"
"1530705600";"04.07.2018 15:00";"64,2";"64,2";"53,67";"53,67"
"1530709200";"04.07.2018 16:00";"64,03";"64,03";"53,94";"53,94"
"1530712800";"04.07.2018 17:00";"55,86";"55,86";"53,97";"53,97"
"1530716400";"04.07.2018 18:00";"54,95";"54,95";"54,95";"54,95"
"1530720000";"04.07.2018 19:00";"57,97";"57,97";"57,97";"57,97"
"1530723600";"04.07.2018 20:00";"59,91";"59,91";"59,91";"59,91"
"1530727200";"04.07.2018 21:00";"58,49";"58,49";"58,49";"58,49"
"1530730800";"04.07.2018 22:00";"56,62";"56,62";"56,62";"56,62"
"1530734400";"04.07.2018 23:00";"54,16";"54,16";"54,16";"54,16"
"1530738000";"05.07.2018 00:00";"50,93";"50,93";"50,93";"50,93"
"1530741600";"05.07.2018 01:00";"50,34";"50,34";"50,34";"50,34"
"1530745200";"05.07.2018 02:00";"48,55";"48,55";"48,55";"48,55"
"1530748800";"05.07.2018 03:00";"47,54";"47,54";"47,54";"47,54"
"1530752400";"05.07.2018 04:00";"47,14";"47,14";"47,14";"47,14"
"1530756000";"05.07.2018 05:00";"47,34";"47,34";"47,34";"47,34"
"1530759600";"05.07.2018 06:00";"49,35";"49,35";"49,35";"49,35"
"1530763200";"05.07.2018 07:00";"53,17";"53,17";"53,17";"53,17"
"1530766800";"05.07.2018 08:00";"60,13";"60,13";"60,13";"60,13"
"1530770400";"05.07.2018 09:00";"61,98";"61,98";"61,98";"61,98"
"1530774000";"05.07.2018 10:00";"62,27";"62,27";"62,27";"62,27"
"1530777600";"05.07.2018 11:00";"62,41";"62,41";"62,41";"62,41"
"1530781200";"05.07.2018 12:00";"64,07";"64,07";"64,07";"64,07"
"1530784800";"05.07.2018 13:00";"63,88";"63,88";"63,88";"63,88"
"1530788400";"05.07.2018 14:00";"64,04";"64,04";"63,57";"63,57"
"1530792000";"05.07.2018 15:00";"60,53";"60,53";"59,04";"59,04"
"1530795600";"05.07.2018 16:00";"60,51";"60,51";"57,56";"57,56"
"1530799200";"05.07.2018 17:00";"53,97";"53,97";"53,97";"53,97"
"1530802800";"05.07.2018 18:00";"52,97";"52,97";"52,97";"52,97"
"1530806400";"05.07.2018 19:00";"54,83";"54,83";"54,83";"54,83"
"1530810000";"05.07.2018 20:00";"55,41";"55,41";"55,41";"55,41"
"1530813600";"05.07.2018 21:00";"55,1";"55,1";"55,1";"55,1"
"1530817200";"05.07.2018 22:00";"53,79";"53,79";"53,79";"53,79"
"1530820800";"05.07.2018 23:00";"52,05";"52,05";"52,05";"52,05"
"1530824400";"06.07.2018 00:00";"50,21";"50,21";"50,21";"50,21"
"1530828000";"06.07.2018 01:00";"49,58";"49,58";"49,58";"49,58"
"1530831600";"06.07.2018 02:00";"47,89";"47,89";"47,89";"47,89"
"1530835200";"06.07.2018 03:00";"46,86";"46,86";"46,86";"46,86"
"1530838800";"06.07.2018 04:00";"44,09";"44,09";"44,09";"44,09"
"1530842400";"06.07.2018 05:00";"43,39";"43,39";"43,39";"43,39"
"1530846000";"06.07.2018 06:00";"47,32";"47,32";"47,32";"47,32"
"1530849600";"06.07.2018 07:00";"50,07";"50,07";"50,07";"50,07"
"1530853200";"06.07.2018 08:00";"53,69";"53,69";"53,69";"53,69"
"1530856800";"06.07.2018 09:00";"55,92";"55,92";"55,92";"55,92"
"1530860400";"06.07.2018 10:00";"55,96";"55,96";"55,96";"55,96"
"1530864000";"06.07.2018 11:00";"55,94";"55,94";"55,94";"55,94"
"1530867600";"06.07.2018 12:00";"55,85";"55,85";"55,85";"55,85"
"1530871200";"06.07.2018 13:00";"55,4";"55,4";"55,4";"55,4"
"1530874800";"06.07.2018 14:00";"54,73";"54,73";"54,73";"54,73"
"1530878400";"06.07.2018 15:00";"53,5";"53,5";"53,5";"53,5"
"1530882000";"06.07.2018 16:00";"52,39";"52,39";"52,39";"52,39"
"1530885600";"06.07.2018 17:00";"50,66";"50,66";"50,66";"50,66"
"1530889200";"06.07.2018 18:00";"50,58";"50,58";"50,58";"50,58"
"1530892800";"06.07.2018 19:00";"50,26";"50,26";"50,26";"50,26"
"1530896400";"06.07.2018 20:00";"50,42";"50,42";"50,42";"50,42"
"1530900000";"06.07.2018 21:00";"50,17";"50,17";"50,17";"50,17"
"1530903600";"06.07.2018 22:00";"49,6";"49,6";"49,6";"49,6"
"1530907200";"06.07.2018 23:00";"48,89";"48,89";"48,89";"48,89"
"1530910800";"07.07.2018 00:00";"47,8";"47,8";"47,8";"47,8"
"1530914400";"07.07.2018 01:00";"48,18";"48,18";"48,18";"48,18"
"1530918000";"07.07.2018 02:00";"46,65";"46,65";"46,65";"46,65"
"1530921600";"07.07.2018 03:00";"44,07";"44,07";"44,07";"44,07"
"1530925200";"07.07.2018 04:00";"40,1";"40,1";"40,1";"40,1"
"1530928800";"07.07.2018 05:00";"40,05";"40,05";"40,05";"40,05"
"1530932400";"07.07.2018 06:00";"45,03";"45,03";"45,03";"45,03"
"1530936000";"07.07.2018 07:00";"47,39";"47,39";"47,39";"47,39"
"1530939600";"07.07.2018 08:00";"47,54";"47,54";"47,54";"47,54"
"1530943200";"07.07.2018 09:00";"48";"48";"48";"48"
"1530946800";"07.07.2018 10:00";"49,1";"49,1";"49,1";"49,1"
"1530950400";"07.07.2018 11:00";"49,51";"49,51";"49,51";"49,51"
"1530954000";"07.07.2018 12:00";"49,34";"49,34";"49,34";"49,34"
"1530957600";"07.07.2018 13:00";"49,09";"49,09";"49,09";"49,09"
"1530961200";"07.07.2018 14:00";"48,64";"48,64";"48,64";"48,64"
"1530964800";"07.07.2018 15:00";"48,33";"48,33";"48,33";"48,33"
"1530968400";"07.07.2018 16:00";"48,04";"48,04";"48,04";"48,04"
"1530972000";"07.07.2018 17:00";"47,84";"47,84";"47,84";"47,84"
"1530975600";"07.07.2018 18:00";"48,29";"48,29";"48,29";"48,29"
"1530979200";"07.07.2018 19:00";"48,82";"48,82";"48,82";"48,82"
"1530982800";"07.07.2018 20:00";"48,7";"48,7";"48,7";"48,7"
"1530986400";"07.07.2018 21:00";"48,43";"48,43";"48,43";"48,43"
"1530990000";"07.07.2018 22:00";"48,11";"48,11";"48,11";"48,11"
"1530993600";"07.07.2018 23:00";"48,08";"48,08";"48,08";"48,08"
"1530997200";"08.07.2018 00:00";"48,25";"48,25";"48,25";"48,25"
"1531000800";"08.07.2018 01:00";"48,03";"48,03";"48,03";"48,03"
"1531004400";"08.07.2018 02:00";"46,09";"46,09";"46,09";"46,09"
"1531008000";"08.07.2018 03:00";"45,06";"45,06";"45,06";"45,06"
"1531011600";"08.07.2018 04:00";"45,02";"45,02";"45,02";"45,02"
"1531015200";"08.07.2018 05:00";"45,07";"45,07";"45,07";"45,07"
"1531018800";"08.07.2018 06:00";"47,11";"47,11";"47,11";"47,11"
"1531022400";"08.07.2018 07:00";"48,41";"48,41";"48,41";"48,41"
"1531026000";"08.07.2018 08:00";"48,56";"48,56";"48,56";"48,56"
"1531029600";"08.07.2018 09:00";"49,24";"49,24";"49,24";"49,24"
"1531033200";"08.07.2018 10:00";"49,4";"49,4";"49,4";"49,4"
"1531036800";"08.07.2018 11:00";"50,1";"50,1";"50,1";"50,1"
"1531040400";"08.07.2018 12:00";"50,27";"50,27";"50,27";"50,27"
"1531044000";"08.07.2018 13:00";"50,23";"50,23";"50,23";"50,23"
"1531047600";"08.07.2018 14:00";"50,02";"50,02";"50,02";"50,02"
"1531051200";"08.07.2018 15:00";"49,79";"49,79";"49,79";"49,79"
"1531054800";"08.07.2018 16:00";"49,57";"49,57";"49,57";"49,57"
"1531058400";"08.07.2018 17:00";"49,69";"49,69";"49,69";"49,69"
"1531062000";"08.07.2018 18:00";"49,93";"49,93";"49,93";"49,93"
"1531065600";"08.07.2018 19:00";"50,23";"50,23";"50,23";"50,23"
"1531069200";"08.07.2018 20:00";"50,43";"50,43";"50,43";"50,43"
"1531072800";"08.07.2018 21:00";"50,51";"50,51";"50,51";"50,51"
"1531076400";"08.07.2018 22:00";"50,27";"50,27";"50,27";"50,27"
"1531080000";"08.07.2018 23:00";"50,83";"50,83";"50,83";"50,83"
"1531083600";"09.07.2018 00:00";"49,94";"49,94";"49,94";"49,94"
"1531087200";"09.07.2018 01:00";"48,93";"48,93";"48,93";"48,93"
"1531090800";"09.07.2018 02:00";"47,51";"47,51";"47,51";"47,51"
"1531094400";"09.07.2018 03:00";"46,94";"46,94";"46,94";"46,94"
"1531098000";"09.07.2018 04:00";"45,76";"45,76";"45,76";"45,76"
"1531101600";"09.07.2018 05:00";"45";"45";"45";"45"
"1531105200";"09.07.2018 06:00";"47,37";"47,37";"47,37";"47,37"
"1531108800";"09.07.2018 07:00";"50,14";"50,14";"50,14";"50,14"
"1531112400";"09.07.2018 08:00";"53,52";"53,52";"53,52";"53,52"
"1531116000";"09.07.2018 09:00";"53,86";"53,86";"53,86";"53,86"
"1531119600";"09.07.2018 10:00";"54,99";"54,99";"54,99";"54,99"
"1531123200";"09.07.2018 11:00";"55,02";"55,02";"55,02";"55,02"
"1531126800";"09.07.2018 12:00";"54,99";"54,99";"54,99";"54,99"
"1531130400";"09.07.2018 13:00";"56,27";"56,27";"56,27";"56,27"
"1531134000";"09.07.2018 14:00";"55,82";"55,82";"55,82";"55,82"
"1531137600";"09.07.2018 15:00";"54,99";"54,99";"54,99";"54,99"
"1531141200";"09.07.2018 16:00";"54,06";"54,06";"54,06";"54,06"
"1531144800";"09.07.2018 17:00";"52,52";"52,52";"52,52";"52,52"
"1531148400";"09.07.2018 18:00";"52,46";"52,46";"52,46";"52,46"
"1531152000";"09.07.2018 19:00";"52,61";"52,61";"52,61";"52,61"
"1531155600";"09.07.2018 20:00";"53,06";"53,06";"53,06";"53,06"
"1531159200";"09.07.2018 21:00";"52,73";"52,73";"52,73";"52,73"
"1531162800";"09.07.2018 22:00";"51,94";"51,94";"51,94";"51,94"
"1531166400";"09.07.2018 23:00";"51,86";"51,86";"51,86";"51,86"
"1531170000";"10.07.2018 00:00";"49,73";"49,73";"49,73";"49,73"
"1531173600";"10.07.2018 01:00";"48,37";"48,37";"48,37";"48,37"
"1531177200";"10.07.2018 02:00";"47,68";"47,68";"47,68";"47,68"
"1531180800";"10.07.2018 03:00";"46,65";"46,65";"46,65";"46,65"
"1531184400";"10.07.2018 04:00";"45,7";"45,7";"45,7";"45,7"
"1531188000";"10.07.2018 05:00";"45,03";"45,03";"45,03";"45,03"
"1531191600";"10.07.2018 06:00";"48,19";"48,19";"48,19";"48,19"
"1531195200";"10.07.2018 07:00";"50,61";"50,61";"50,61";"50,61"
"1531198800";"10.07.2018 08:00";"55,46";"55,46";"55,46";"55,46"
"1531202400";"10.07.2018 09:00";"63,07";"63,07";"56,03";"63,07"
"1531206000";"10.07.2018 10:00";"61,06";"61,06";"60,22";"61,06"
"1531209600";"10.07.2018 11:00";"61,05";"61,05";"58,43";"61,05"
"1531213200";"10.07.2018 12:00";"61,01";"61,01";"59,66";"61,01"
"1531216800";"10.07.2018 13:00";"63,4";"63,4";"57,32";"63,4"
"1531220400";"10.07.2018 14:00";"63,08";"63,08";"57,26";"63,08"
"1531224000";"10.07.2018 15:00";"60,5";"60,5";"55,97";"60,5"
"1531227600";"10.07.2018 16:00";"63,48";"63,48";"55,15";"63,48"
"1531231200";"10.07.2018 17:00";"58,2";"58,2";"54,37";"58,2"
"1531234800";"10.07.2018 18:00";"58,15";"58,15";"56";"58,15"
"1531238400";"10.07.2018 19:00";"57,05";"57,05";"57,05";"57,05"
"1531242000";"10.07.2018 20:00";"57,38";"57,38";"57,38";"57,38"
"1531245600";"10.07.2018 21:00";"56,08";"56,08";"56,08";"56,08"
"1531249200";"10.07.2018 22:00";"54,75";"54,75";"54,75";"54,75"
"1531252800";"10.07.2018 23:00";"54,65";"54,65";"54,65";"54,65"
"1531256400";"11.07.2018 00:00";"50,69";"50,69";"50,69";"50,69"
"1531260000";"11.07.2018 01:00";"49,48";"49,48";"49,48";"49,48"
"1531263600";"11.07.2018 02:00";"49,04";"49,04";"49,04";"49,04"
"1531267200";"11.07.2018 03:00";"48,15";"48,15";"48,15";"48,15"
"1531270800";"11.07.2018 04:00";"47,99";"47,99";"47,99";"47,99"
"1531274400";"11.07.2018 05:00";"47,27";"47,27";"47,27";"47,27"
"1531278000";"11.07.2018 06:00";"48,36";"48,36";"48,36";"48,36"
"1531281600";"11.07.2018 07:00";"51,41";"51,41";"51,41";"51,41"
"1531285200";"11.07.2018 08:00";"55,62";"55,62";"55,07";"55,07"
"1531288800";"11.07.2018 09:00";"57,51";"57,51";"57,51";"57,51"
"1531292400";"11.07.2018 10:00";"58,14";"58,14";"57,75";"57,75"
"1531296000";"11.07.2018 11:00";"60,21";"60,21";"60,21";"60,21"
"1531299600";"11.07.2018 12:00";"63,75";"63,75";"57,75";"57,75"
"1531303200";"11.07.2018 13:00";"63,38";"63,38";"57,65";"57,65"
"1531306800";"11.07.2018 14:00";"63,44";"63,44";"56,81";"56,81"
"1531310400";"11.07.2018 15:00";"60,6";"60,6";"57,7";"57,7"
"1531314000";"11.07.2018 16:00";"62,77";"62,77";"58,67";"58,67"
"1531317600";"11.07.2018 17:00";"59,02";"59,02";"55,91";"55,91"
"1531321200";"11.07.2018 18:00";"56,61";"56,61";"55,23";"55,23"
"1531324800";"11.07.2018 19:00";"57,62";"57,62";"57,62";"57,62"
"1531328400";"11.07.2018 20:00";"57,08";"57,08";"57,08";"57,08"
"1531332000";"11.07.2018 21:00";"55,83";"55,83";"55,83";"55,83"
"1531335600";"11.07.2018 22:00";"55,12";"55,12";"55,12";"55,12"
"1531339200";"11.07.2018 23:00";"54,32";"54,32";"54,32";"54,32"
"1531342800";"12.07.2018 00:00";"51,58";"51,58";"51,58";"51,58"
"1531346400";"12.07.2018 01:00";"50,34";"50,34";"50,34";"50,34"
"1531350000";"12.07.2018 02:00";"49,5";"49,5";"49,5";"49,5"
"1531353600";"12.07.2018 03:00";"49,09";"49,09";"49,09";"49,09"
"1531357200";"12.07.2018 04:00";"49,03";"49,03";"49,03";"49,03"
"1531360800";"12.07.2018 05:00";"48,63";"48,63";"48,63";"48,63"
"1531364400";"12.07.2018 06:00";"49,6";"49,6";"49,6";"49,6"
"1531368000";"12.07.2018 07:00";"51,05";"51,05";"51,05";"51,05"
"1531371600";"12.07.2018 08:00";"55,81";"55,81";"55,81";"55,81"
"1531375200";"12.07.2018 09:00";"73,84";"73,84";"73,84";"73,84"
"1531378800";"12.07.2018 10:00";"66,92";"66,92";"66,92";"66,92"
"1531382400";"12.07.2018 11:00";"60,05";"60,05";"60,05";"60,05"
"1531386000";"12.07.2018 12:00";"61,64";"61,64";"60,7";"60,7"
"1531389600";"12.07.2018 13:00";"62,88";"63,81";"58,34";"58,34"
"1531393200";"12.07.2018 14:00";"63,63";"63,63";"57,36";"57,36"
"1531396800";"12.07.2018 15:00";"62,55";"62,55";"56,02";"56,02"
"1531400400";"12.07.2018 16:00";"62,86";"62,86";"56,39";"56,39"
"1531404000";"12.07.2018 17:00";"57,73";"57,73";"53,54";"53,54"
"1531407600";"12.07.2018 18:00";"56,72";"56,72";"55,44";"55,44"
"1531411200";"12.07.2018 19:00";"56,89";"56,89";"56,89";"56,89"
"1531414800";"12.07.2018 20:00";"57,23";"57,23";"57,23";"57,23"
"1531418400";"12.07.2018 21:00";"55,7";"55,7";"55,7";"55,7"
"1531422000";"12.07.2018 22:00";"54,57";"54,57";"54,57";"54,57"
"1531425600";"12.07.2018 23:00";"54,85";"54,85";"54,85";"54,85"
"1531429200";"13.07.2018 00:00";"51,16";"51,16";"51,16";"51,16"
"1531432800";"13.07.2018 01:00";"51,33";"51,33";"51,33";"51,33"
"1531436400";"13.07.2018 02:00";"50,29";"50,29";"50,29";"50,29"
"1531440000";"13.07.2018 03:00";"49,84";"49,84";"49,84";"49,84"
"1531443600";"13.07.2018 04:00";"49,07";"49,07";"49,07";"49,07"
"1531447200";"13.07.2018 05:00";"48,43";"48,43";"48,43";"48,43"
"1531450800";"13.07.2018 06:00";"49,92";"49,92";"49,92";"49,92"
"1531454400";"13.07.2018 07:00";"52,44";"52,44";"52,44";"52,44"
"1531458000";"13.07.2018 08:00";"57,05";"57,05";"57,05";"57,05"
"1531461600";"13.07.2018 09:00";"63,05";"63,05";"63,05";"63,05"
"1531465200";"13.07.2018 10:00";"65,56";"65,56";"65,56";"65,56"
"1531468800";"13.07.2018 11:00";"63,07";"63,07";"63,07";"63,07"
"1531472400";"13.07.2018 12:00";"63,09";"63,09";"63,09";"63,09"
"1531476000";"13.07.2018 13:00";"63,03";"63,03";"63,03";"63,03"
"1531479600";"13.07.2018 14:00";"61,97";"61,97";"61,97";"61,97"
"1531483200";"13.07.2018 15:00";"59,25";"59,25";"59,25";"59,25"
"1531486800";"13.07.2018 16:00";"57,36";"57,36";"57,36";"57,36"
"1531490400";"13.07.2018 17:00";"54,94";"54,94";"54,94";"54,94"
"1531494000";"13.07.2018 18:00";"54,69";"54,69";"54,69";"54,69"
"1531497600";"13.07.2018 19:00";"56,26";"56,26";"56,26";"56,26"
"1531501200";"13.07.2018 20:00";"56,57";"56,57";"56,57";"56,57"
"1531504800";"13.07.2018 21:00";"55,02";"55,02";"55,02";"55,02"
"1531508400";"13.07.2018 22:00";"54,4";"54,4";"54,4";"54,4"
"1531512000";"13.07.2018 23:00";"54,34";"54,34";"54,34";"54,34"
"1531515600";"14.07.2018 00:00";"51,92";"51,92";"51,92";"51,92"
"1531519200";"14.07.2018 01:00";"52,17";"52,17";"52,17";"52,17"
"1531522800";"14.07.2018 02:00";"50,77";"50,77";"50,77";"50,77"
"1531526400";"14.07.2018 03:00";"49,78";"49,78";"49,78";"49,78"
"1531530000";"14.07.2018 04:00";"48,91";"48,91";"48,91";"48,91"
"1531533600";"14.07.2018 05:00";"47,2";"47,2";"47,2";"47,2"
"1531537200";"14.07.2018 06:00";"48,23";"48,23";"48,23";"48,23"
"1531540800";"14.07.2018 07:00";"49,66";"49,66";"49,66";"49,66"
"1531544400";"14.07.2018 08:00";"50,37";"50,37";"50,37";"50,37"
"1531548000";"14.07.2018 09:00";"52,51";"52,51";"52,51";"52,51"
"1531551600";"14.07.2018 10:00";"52,71";"52,71";"52,71";"52,71"
"1531555200";"14.07.2018 11:00";"52,66";"52,66";"52,66";"52,66"
"1531558800";"14.07.2018 12:00";"52,63";"52,63";"52,63";"52,63"
"1531562400";"14.07.2018 13:00";"52,04";"52,04";"52,04";"52,04"
"1531566000";"14.07.2018 14:00";"51,67";"51,67";"51,67";"51,67"
"1531569600";"14.07.2018 15:00";"51,38";"51,38";"51,38";"51,38"
"1531573200";"14.07.2018 16:00";"51,08";"51,08";"51,08";"51,08"
"1531576800";"14.07.2018 17:00";"51,2";"51,2";"51,2";"51,2"
"1531580400";"14.07.2018 18:00";"51,69";"51,69";"51,69";"51,69"
"1531584000";"14.07.2018 19:00";"53,45";"53,45";"53,45";"53,45"
"1531587600";"14.07.2018 20:00";"54,32";"54,32";"54,32";"54,32"
"1531591200";"14.07.2018 21:00";"55";"55";"55";"55"
"1531594800";"14.07.2018 22:00";"54,22";"54,22";"54,22";"54,22"
"1531598400";"14.07.2018 23:00";"55,01";"55,01";"55,01";"55,01"
"1531602000";"15.07.2018 00:00";"52,4";"52,4";"52,4";"52,4"
"1531605600";"15.07.2018 01:00";"51,05";"51,05";"51,05";"51,05"
"1531609200";"15.07.2018 02:00";"49,22";"49,22";"49,22";"49,22"
"1531612800";"15.07.2018 03:00";"48,03";"48,03";"48,03";"48,03"
"1531616400";"15.07.2018 04:00";"46,85";"46,85";"46,85";"46,85"
"1531620000";"15.07.2018 05:00";"46,05";"46,05";"46,05";"46,05"
"1531623600";"15.07.2018 06:00";"48,02";"48,02";"48,02";"48,02"
"1531627200";"15.07.2018 07:00";"48,93";"48,93";"48,93";"48,93"
"1531630800";"15.07.2018 08:00";"49,73";"49,73";"49,73";"49,73"
"1531634400";"15.07.2018 09:00";"50,85";"50,85";"50,85";"50,85"
"1531638000";"15.07.2018 10:00";"51,62";"51,62";"51,62";"51,62"
"1531641600";"15.07.2018 11:00";"52,34";"52,34";"52,34";"52,34"
"1531645200";"15.07.2018 12:00";"52,37";"52,37";"52,37";"52,37"
"1531648800";"15.07.2018 13:00";"52,37";"52,37";"52,37";"52,37"
"1531652400";"15.07.2018 14:00";"51,94";"51,94";"51,94";"51,94"
"1531656000";"15.07.2018 15:00";"51,81";"51,81";"51,81";"51,81"
"1531659600";"15.07.2018 16:00";"51,65";"51,65";"51,65";"51,65"
"1531663200";"15.07.2018 17:00";"52,03";"52,03";"52,03";"52,03"
"1531666800";"15.07.2018 18:00";"52,47";"52,47";"52,47";"52,47"
"1531670400";"15.07.2018 19:00";"53,1";"53,1";"53,1";"53,1"
"1531674000";"15.07.2018 20:00";"54,25";"54,25";"54,25";"54,25"
"1531677600";"15.07.2018 21:00";"54,61";"54,61";"54,61";"54,61"
"1531681200";"15.07.2018 22:00";"54,87";"54,87";"54,87";"54,87"
"1531684800";"15.07.2018 23:00";"55,03";"55,03";"55,03";"55,03"
"1531688400";"16.07.2018 00:00";"53,26";"53,26";"53,26";"53,26"
"1531692000";"16.07.2018 01:00";"51,11";"51,11";"51,11";"51,11"
"1531695600";"16.07.2018 02:00";"49,01";"49,01";"49,01";"49,01"
"1531699200";"16.07.2018 03:00";"47,9";"47,9";"47,9";"47,9"
"1531702800";"16.07.2018 04:00";"47,72";"47,72";"47,72";"47,72"
"1531706400";"16.07.2018 05:00";"47,54";"47,54";"47,54";"47,54"
"1531710000";"16.07.2018 06:00";"49,86";"49,86";"49,86";"49,86"
"1531713600";"16.07.2018 07:00";"53,05";"53,05";"53,05";"53,05"
"1531717200";"16.07.2018 08:00";"56,42";"56,42";"56,42";"56,42"
"1531720800";"16.07.2018 09:00";"59,37";"59,37";"59,37";"59,37"
"1531724400";"16.07.2018 10:00";"61,93";"61,93";"61,93";"61,93"
"1531728000";"16.07.2018 11:00";"62,72";"62,72";"62,72";"62,72"
"1531731600";"16.07.2018 12:00";"62,6";"62,6";"62,6";"62,6"
"1531735200";"16.07.2018 13:00";"63,56";"63,56";"63,56";"63,56"
"1531738800";"16.07.2018 14:00";"61,97";"61,97";"61,97";"61,97"
"1531742400";"16.07.2018 15:00";"60,19";"60,19";"60,19";"60,19"
"1531746000";"16.07.2018 16:00";"58,92";"58,92";"58,92";"58,92"
"1531749600";"16.07.2018 17:00";"58,01";"58,01";"57,93";"57,93"
"1531753200";"16.07.2018 18:00";"57,36";"57,36";"57,36";"57,36"
"1531756800";"16.07.2018 19:00";"57,92";"57,92";"57,92";"57,92"
"1531760400";"16.07.2018 20:00";"58,3";"58,3";"57,96";"57,96"
"1531764000";"16.07.2018 21:00";"57,8";"57,8";"55,96";"55,96"
"1531767600";"16.07.2018 22:00";"55,55";"55,55";"55,55";"55,55"
"1531771200";"16.07.2018 23:00";"54,49";"54,49";"54,49";"54,49"
"1531774800";"17.07.2018 00:00";"51,84";"51,84";"51,84";"51,84"
"1531778400";"17.07.2018 01:00";"50,27";"50,27";"50,27";"50,27"
"1531782000";"17.07.2018 02:00";"49,1";"49,1";"49,1";"49,1"
"1531785600";"17.07.2018 03:00";"48,03";"48,03";"48,03";"48,03"
"1531789200";"17.07.2018 04:00";"47,77";"47,77";"47,77";"47,77"
"1531792800";"17.07.2018 05:00";"45,05";"45,05";"45,05";"45,05"
"1531796400";"17.07.2018 06:00";"48,27";"48,27";"48,27";"48,27"
"1531800000";"17.07.2018 07:00";"52,43";"52,43";"52,43";"52,43"
"1531803600";"17.07.2018 08:00";"56,07";"56,07";"56,07";"56,07"
"1531807200";"17.07.2018 09:00";"58,91";"58,91";"58,91";"58,91"
"1531810800";"17.07.2018 10:00";"59,19";"59,19";"59,19";"59,19"
"1531814400";"17.07.2018 11:00";"59,97";"59,97";"59,97";"59,97"
"1531818000";"17.07.2018 12:00";"60,59";"60,59";"60,59";"60,59"
"1531821600";"17.07.2018 13:00";"61,7";"61,7";"61,7";"61,7"
"1531825200";"17.07.2018 14:00";"62";"62";"62";"62"
"1531828800";"17.07.2018 15:00";"58,98";"58,98";"58,98";"58,98"
"1531832400";"17.07.2018 16:00";"57,11";"57,11";"57,11";"57,11"
"1531836000";"17.07.2018 17:00";"53,86";"53,86";"53,86";"53,86"
"1531839600";"17.07.2018 18:00";"53,92";"53,92";"53,92";"53,92"
"1531843200";"17.07.2018 19:00";"56,18";"56,18";"56,18";"56,18"
"1531846800";"17.07.2018 20:00";"57,57";"57,57";"57,57";"57,57"
"1531850400";"17.07.2018 21:00";"55,57";"55,57";"55,57";"55,57"
"1531854000";"17.07.2018 22:00";"53,88";"53,88";"53,88";"53,88"
"1531857600";"17.07.2018 23:00";"53,41";"53,41";"53,41";"53,41"
"1531861200";"18.07.2018 00:00";"51,32";"51,32";"51,32";"51,32"
"1531864800";"18.07.2018 01:00";"49,88";"49,88";"49,88";"49,88"
"1531868400";"18.07.2018 02:00";"48,06";"48,06";"48,06";"48,06"
"1531872000";"18.07.2018 03:00";"47,9";"47,9";"47,9";"47,9"
"1531875600";"18.07.2018 04:00";"46,28";"46,28";"46,28";"46,28"
"1531879200";"18.07.2018 05:00";"42,06";"42,06";"42,06";"42,06"
"1531882800";"18.07.2018 06:00";"47,88";"47,88";"47,88";"47,88"
"1531886400";"18.07.2018 07:00";"50,14";"50,14";"50,14";"50,14"
"1531890000";"18.07.2018 08:00";"53,47";"53,47";"53,47";"53,47"
"1531893600";"18.07.2018 09:00";"56,08";"56,08";"55,63";"55,63"
"1531897200";"18.07.2018 10:00";"56,92";"56,92";"54,12";"54,12"
"1531900800";"18.07.2018 11:00";"57,48";"57,48";"56,11";"56,11"
"1531904400";"18.07.2018 12:00";"57,62";"57,62";"56,08";"56,08"
"1531908000";"18.07.2018 13:00";"60,88";"60,88";"55,33";"55,33"
"1531911600";"18.07.2018 14:00";"62,05";"62,05";"53,62";"53,62"
"1531915200";"18.07.2018 15:00";"57,55";"57,55";"53,52";"53,52"
"1531918800";"18.07.2018 16:00";"56,88";"56,88";"53,37";"53,37"
"1531922400";"18.07.2018 17:00";"53,23";"53,23";"53,23";"53,23"
"1531926000";"18.07.2018 18:00";"53,68";"53,68";"53,68";"53,68"
"1531929600";"18.07.2018 19:00";"56,06";"56,06";"54,18";"54,18"
"1531933200";"18.07.2018 20:00";"56,85";"56,85";"54,31";"54,31"
"1531936800";"18.07.2018 21:00";"55,51";"55,51";"54,1";"54,1"
"1531940400";"18.07.2018 22:00";"53,72";"53,72";"53,72";"53,72"
"1531944000";"18.07.2018 23:00";"52,73";"52,73";"52,73";"52,73"
"1531947600";"19.07.2018 00:00";"49,88";"49,88";"49,88";"49,88"
"1531951200";"19.07.2018 01:00";"50,25";"50,25";"50,25";"50,25"
"1531954800";"19.07.2018 02:00";"49,05";"49,05";"49,05";"49,05"
"1531958400";"19.07.2018 03:00";"47,47";"47,47";"47,47";"47,47"
"1531962000";"19.07.2018 04:00";"42,03";"42,03";"42,03";"42,03"
"1531965600";"19.07.2018 05:00";"41,39";"41,39";"41,39";"41,39"
"1531969200";"19.07.2018 06:00";"46,21";"46,21";"46,21";"46,21"
"1531972800";"19.07.2018 07:00";"51,05";"51,05";"51,05";"51,05"
"1531976400";"19.07.2018 08:00";"54,09";"54,09";"54,09";"54,09"
"1531980000";"19.07.2018 09:00";"56,96";"56,96";"56,96";"56,96"
"1531983600";"19.07.2018 10:00";"57,01";"57,01";"57,01";"57,01"
"1531987200";"19.07.2018 11:00";"58,03";"58,03";"58,03";"58,03"
"1531990800";"19.07.2018 12:00";"58,29";"58,29";"58,29";"58,29"
"1531994400";"19.07.2018 13:00";"62,68";"62,68";"62,12";"62,12"
"1531998000";"19.07.2018 14:00";"62,62";"62,62";"60,69";"60,69"
"1532001600";"19.07.2018 15:00";"58,08";"58,08";"58,08";"58,08"
"1532005200";"19.07.2018 16:00";"57,07";"57,07";"57,07";"57,07"
"1532008800";"19.07.2018 17:00";"56,84";"56,84";"56,84";"56,84"
"1532012400";"19.07.2018 18:00";"56,24";"56,24";"56,24";"56,24"
"1532016000";"19.07.2018 19:00";"57,1";"57,1";"57,1";"57,1"
"1532019600";"19.07.2018 20:00";"57,96";"57,96";"57,96";"57,96"
"1532023200";"19.07.2018 21:00";"56,57";"56,57";"56,57";"56,57"
"1532026800";"19.07.2018 22:00";"55,05";"55,05";"55,05";"55,05"
"1532030400";"19.07.2018 23:00";"54,35";"54,35";"54,35";"54,35"
"1532034000";"20.07.2018 00:00";"51,9";"51,9";"51,9";"51,9"
"1532037600";"20.07.2018 01:00";"51,52";"51,52";"51,52";"51,52"
"1532041200";"20.07.2018 02:00";"50,23";"50,23";"50,23";"50,23"
"1532044800";"20.07.2018 03:00";"49,64";"49,64";"49,64";"49,64"
"1532048400";"20.07.2018 04:00";"48,12";"48,12";"48,12";"48,12"
"1532052000";"20.07.2018 05:00";"46,42";"46,42";"46,42";"46,42"
"1532055600";"20.07.2018 06:00";"49,18";"49,18";"49,18";"49,18"
"1532059200";"20.07.2018 07:00";"52,47";"52,47";"52,47";"52,47"
"1532062800";"20.07.2018 08:00";"59,85";"59,85";"59,85";"59,85"
"1532066400";"20.07.2018 09:00";"62,51";"62,51";"62,51";"62,51"
"1532070000";"20.07.2018 10:00";"62,81";"62,81";"62,81";"62,81"
"1532073600";"20.07.2018 11:00";"59,9";"59,9";"59,9";"59,9"
"1532077200";"20.07.2018 12:00";"59,26";"59,26";"59,26";"59,26"
"1532080800";"20.07.2018 13:00";"63,79";"63,79";"63,79";"63,79"
"1532084400";"20.07.2018 14:00";"64,91";"64,91";"64,91";"64,91"
"1532088000";"20.07.2018 15:00";"63,67";"63,67";"63,67";"63,67"
"1532091600";"20.07.2018 16:00";"61,27";"61,27";"61,27";"61,27"
"1532095200";"20.07.2018 17:00";"59,98";"59,98";"59,98";"59,98"
"1532098800";"20.07.2018 18:00";"60,21";"60,21";"60,21";"60,21"
"1532102400";"20.07.2018 19:00";"58,5";"58,5";"58,5";"58,5"
"1532106000";"20.07.2018 20:00";"57,93";"57,93";"57,93";"57,93"
"1532109600";"20.07.2018 21:00";"56,61";"56,61";"56,61";"56,61"
"1532113200";"20.07.2018 22:00";"55,38";"55,38";"55,38";"55,38"
"1532116800";"20.07.2018 23:00";"54,67";"54,67";"54,67";"54,67"
"1532120400";"21.07.2018 00:00";"52,57";"52,57";"52,57";"52,57"
"1532124000";"21.07.2018 01:00";"51,99";"51,99";"51,99";"51,99"
"1532127600";"21.07.2018 02:00";"50,4";"50,4";"50,4";"50,4"
"1532131200";"21.07.2018 03:00";"49,18";"49,18";"49,18";"49,18"
"1532134800";"21.07.2018 04:00";"49,03";"49,03";"49,03";"49,03"
"1532138400";"21.07.2018 05:00";"48,07";"48,07";"48,07";"48,07"
"1532142000";"21.07.2018 06:00";"49,01";"49,01";"49,01";"49,01"
"1532145600";"21.07.2018 07:00";"50,53";"50,53";"50,53";"50,53"
"1532149200";"21.07.2018 08:00";"52,01";"52,01";"52,01";"52,01"
"1532152800";"21.07.2018 09:00";"53,81";"53,81";"53,81";"53,81"
"1532156400";"21.07.2018 10:00";"57,86";"57,86";"55,04";"55,04"
"1532160000";"21.07.2018 11:00";"59,63";"59,63";"55,09";"55,09"
"1532163600";"21.07.2018 12:00";"62,4";"62,4";"55,18";"55,18"
"1532167200";"21.07.2018 13:00";"61,24";"61,24";"54,72";"54,72"
"1532170800";"21.07.2018 14:00";"56,58";"56,58";"53,78";"53,78"
"1532174400";"21.07.2018 15:00";"53,26";"53,26";"53,26";"53,26"
"1532178000";"21.07.2018 16:00";"52,88";"52,88";"52,88";"52,88"
"1532181600";"21.07.2018 17:00";"52,73";"52,73";"52,73";"52,73"
"1532185200";"21.07.2018 18:00";"53,43";"53,43";"53,43";"53,43"
"1532188800";"21.07.2018 19:00";"54,79";"54,79";"54,79";"54,79"
"1532192400";"21.07.2018 20:00";"55,13";"55,13";"55,13";"55,13"
"1532196000";"21.07.2018 21:00";"54,96";"54,96";"54,96";"54,96"
"1532199600";"21.07.2018 22:00";"54,68";"54,68";"54,68";"54,68"
"1532203200";"21.07.2018 23:00";"54,49";"54,49";"54,49";"54,49"
"1532206800";"22.07.2018 00:00";"52,44";"52,44";"52,44";"52,44"
"1532210400";"22.07.2018 01:00";"52,72";"52,72";"52,72";"52,72"
"1532214000";"22.07.2018 02:00";"51,14";"51,14";"51,14";"51,14"
"1532217600";"22.07.2018 03:00";"50,29";"50,29";"50,29";"50,29"
"1532221200";"22.07.2018 04:00";"49,89";"49,89";"49,89";"49,89"
"1532224800";"22.07.2018 05:00";"48,28";"48,28";"48,28";"48,28"
"1532228400";"22.07.2018 06:00";"48,96";"48,96";"48,96";"48,96"
"1532232000";"22.07.2018 07:00";"50,11";"50,11";"50,11";"50,11"
"1532235600";"22.07.2018 08:00";"51,44";"51,44";"51,44";"51,44"
"1532239200";"22.07.2018 09:00";"52,46";"52,46";"52,46";"52,46"
"1532242800";"22.07.2018 10:00";"52,88";"52,88";"52,88";"52,88"
"1532246400";"22.07.2018 11:00";"53,47";"53,47";"53,47";"53,47"
"1532250000";"22.07.2018 12:00";"53,71";"53,71";"53,71";"53,71"
"1532253600";"22.07.2018 13:00";"53,16";"53,16";"53,16";"53,16"
"1532257200";"22.07.2018 14:00";"52,96";"52,96";"52,96";"52,96"
"1532260800";"22.07.2018 15:00";"52,67";"52,67";"52,67";"52,67"
"1532264400";"22.07.2018 16:00";"52,5";"52,5";"52,5";"52,5"
"1532268000";"22.07.2018 17:00";"52,62";"52,62";"52,62";"52,62"
"1532271600";"22.07.2018 18:00";"52,76";"52,76";"52,76";"52,76"
"1532275200";"22.07.2018 19:00";"53,14";"53,14";"53,14";"53,14"
"1532278800";"22.07.2018 20:00";"55,14";"55,14";"55,14";"55,14"
"1532282400";"22.07.2018 21:00";"56,19";"56,19";"56,19";"56,19"
"1532286000";"22.07.2018 22:00";"56,85";"56,85";"56,85";"56,85"
"1532289600";"22.07.2018 23:00";"56,24";"56,24";"56,24";"56,24"
"1532293200";"23.07.2018 00:00";"53,38";"53,38";"53,38";"53,38"
"1532296800";"23.07.2018 01:00";"51,81";"51,81";"51,81";"51,81"
"1532300400";"23.07.2018 02:00";"50,2";"50,2";"50,2";"50,2"
"1532304000";"23.07.2018 03:00";"47,95";"47,95";"47,95";"47,95"
"1532307600";"23.07.2018 04:00";"47,1";"47,1";"47,1";"47,1"
"1532311200";"23.07.2018 05:00";"45,78";"45,78";"45,78";"45,78"
"1532314800";"23.07.2018 06:00";"50,23";"50,23";"50,23";"50,23"
"1532318400";"23.07.2018 07:00";"53,61";"53,61";"53,61";"53,61"
"1532322000";"23.07.2018 08:00";"57,54";"57,54";"57,54";"57,54"
"1532325600";"23.07.2018 09:00";"59,94";"59,94";"59,94";"59,94"
"1532329200";"23.07.2018 10:00";"62,43";"62,43";"62,43";"62,43"
"1532332800";"23.07.2018 11:00";"63,21";"63,21";"63,21";"63,21"
"1532336400";"23.07.2018 12:00";"62,45";"62,45";"62,45";"62,45"
"1532340000";"23.07.2018 13:00";"63,01";"63,01";"63,01";"63,01"
"1532343600";"23.07.2018 14:00";"61,03";"61,03";"60,99";"60,99"
"1532347200";"23.07.2018 15:00";"62,03";"62,03";"59,5";"59,5"
"1532350800";"23.07.2018 16:00";"61,27";"61,27";"61,27";"61,27"
"1532354400";"23.07.2018 17:00";"58,08";"58,08";"58,08";"58,08"
"1532358000";"23.07.2018 18:00";"58,47";"58,47";"58,47";"58,47"
"1532361600";"23.07.2018 19:00";"58,8";"58,8";"58,8";"58,8"
"1532365200";"23.07.2018 20:00";"59,97";"59,97";"58,02";"58,02"
"1532368800";"23.07.2018 21:00";"58,66";"58,66";"57,01";"57,01"
"1532372400";"23.07.2018 22:00";"57,6";"57,6";"56,82";"56,82"
"1532376000";"23.07.2018 23:00";"56,1";"56,1";"56,1";"56,1"
"1532379600";"24.07.2018 00:00";"53,95";"53,95";"53,95";"53,95"
"1532383200";"24.07.2018 01:00";"52,56";"52,56";"52,56";"52,56"
"1532386800";"24.07.2018 02:00";"50,35";"50,35";"50,35";"50,35"
"1532390400";"24.07.2018 03:00";"49,57";"49,57";"49,57";"49,57"
"1532394000";"24.07.2018 04:00";"49,08";"49,08";"49,08";"49,08"
"1532397600";"24.07.2018 05:00";"48,17";"48,17";"48,17";"48,17"
"1532401200";"24.07.2018 06:00";"50,87";"50,87";"50,87";"50,87"
"1532404800";"24.07.2018 07:00";"53,97";"53,97";"53,97";"53,97"
"1532408400";"24.07.2018 08:00";"60,63";"60,63";"60,63";"60,63"
"1532412000";"24.07.2018 09:00";"62,9";"62,9";"62,55";"62,55"
"1532415600";"24.07.2018 10:00";"62,07";"62,07";"62,07";"62,07"
"1532419200";"24.07.2018 11:00";"62,02";"62,02";"62,02";"62,02"
"1532422800";"24.07.2018 12:00";"62,03";"62,03";"62,03";"62,03"
"1532426400";"24.07.2018 13:00";"62,1";"62,1";"62,1";"62,1"
"1532430000";"24.07.2018 14:00";"62,01";"62,01";"62,01";"62,01"
"1532433600";"24.07.2018 15:00";"62";"62";"62";"62"
"1532437200";"24.07.2018 16:00";"59,95";"59,95";"59,95";"59,95"
"1532440800";"24.07.2018 17:00";"58,19";"58,19";"58,19";"58,19"
"1532444400";"24.07.2018 18:00";"61,86";"61,86";"61,86";"61,86"
"1532448000";"24.07.2018 19:00";"62,63";"62,63";"62,63";"62,63"
"1532451600";"24.07.2018 20:00";"63,94";"63,94";"63,94";"63,94"
"1532455200";"24.07.2018 21:00";"62,68";"62,68";"57,97";"57,97"
"1532458800";"24.07.2018 22:00";"62,36";"62,36";"56,67";"56,67"
"1532462400";"24.07.2018 23:00";"57,74";"57,74";"56,39";"56,39"
"1532466000";"25.07.2018 00:00";"54,47";"54,47";"54,47";"54,47"
"1532469600";"25.07.2018 01:00";"53,64";"53,64";"53,64";"53,64"
"1532473200";"25.07.2018 02:00";"51,57";"51,57";"51,57";"51,57"
"1532476800";"25.07.2018 03:00";"50,42";"50,42";"50,42";"50,42"
"1532480400";"25.07.2018 04:00";"50,31";"50,31";"50,31";"50,31"
"1532484000";"25.07.2018 05:00";"50,02";"50,02";"50,02";"50,02"
"1532487600";"25.07.2018 06:00";"51,44";"51,44";"51,44";"51,44"
"1532491200";"25.07.2018 07:00";"54,43";"54,43";"54,43";"54,43"
"1532494800";"25.07.2018 08:00";"62,96";"62,96";"62,04";"62,04"
"1532498400";"25.07.2018 09:00";"65";"65";"65";"65"
"1532502000";"25.07.2018 10:00";"66,67";"66,67";"65,81";"65,81"
"1532505600";"25.07.2018 11:00";"65,04";"65,04";"65,04";"65,04"
"1532509200";"25.07.2018 12:00";"70,05";"70,05";"65,65";"65,65"
"1532512800";"25.07.2018 13:00";"70,9";"70,9";"65,5";"65,5"
"1532516400";"25.07.2018 14:00";"70,22";"70,22";"65,76";"65,76"
"1532520000";"25.07.2018 15:00";"63,83";"63,83";"63,83";"63,83"
"1532523600";"25.07.2018 16:00";"62,11";"62,11";"62,11";"62,11"
"1532527200";"25.07.2018 17:00";"59,91";"59,91";"59,91";"59,91"
"1532530800";"25.07.2018 18:00";"62,18";"62,18";"61,31";"61,31"
"1532534400";"25.07.2018 19:00";"65,8";"65,8";"58,91";"58,91"
"1532538000";"25.07.2018 20:00";"66,9";"66,9";"57,96";"57,96"
"1532541600";"25.07.2018 21:00";"65,45";"65,45";"55,22";"55,22"
"1532545200";"25.07.2018 22:00";"64,37";"64,37";"55,26";"55,26"
"1532548800";"25.07.2018 23:00";"60,54";"60,54";"55,51";"55,51"
"1532552400";"26.07.2018 00:00";"54,43";"54,43";"54,43";"54,43"
"1532556000";"26.07.2018 01:00";"51,67";"51,67";"51,67";"51,67"
"1532559600";"26.07.2018 02:00";"50,24";"50,24";"50,24";"50,24"
"1532563200";"26.07.2018 03:00";"49,07";"49,07";"49,07";"49,07"
"1532566800";"26.07.2018 04:00";"48,3";"48,3";"48,3";"48,3"
"1532570400";"26.07.2018 05:00";"47,49";"47,49";"47,49";"47,49"
"1532574000";"26.07.2018 06:00";"50,14";"50,14";"50,14";"50,14"
"1532577600";"26.07.2018 07:00";"53,57";"53,57";"53,57";"53,57"
"1532581200";"26.07.2018 08:00";"60,77";"60,77";"60,2";"60,2"
"1532584800";"26.07.2018 09:00";"65,66";"65,66";"60,99";"60,99"
"1532588400";"26.07.2018 10:00";"62,96";"62,96";"62,94";"62,94"
"1532592000";"26.07.2018 11:00";"61,47";"61,47";"61,47";"61,47"
"1532595600";"26.07.2018 12:00";"62,05";"62,05";"62,05";"62,05"
"1532599200";"26.07.2018 13:00";"62,79";"62,79";"62,79";"62,79"
"1532602800";"26.07.2018 14:00";"62,02";"62,02";"62,02";"62,02"
"1532606400";"26.07.2018 15:00";"59,68";"59,68";"59,68";"59,68"
"1532610000";"26.07.2018 16:00";"61,08";"61,08";"61,08";"61,08"
"1532613600";"26.07.2018 17:00";"57,97";"57,97";"57,97";"57,97"
"1532617200";"26.07.2018 18:00";"59";"59";"59";"59"
"1532620800";"26.07.2018 19:00";"61";"61";"61";"61"
"1532624400";"26.07.2018 20:00";"61,95";"61,95";"59,4";"59,4"
"1532628000";"26.07.2018 21:00";"60,61";"60,61";"55,53";"55,53"
"1532631600";"26.07.2018 22:00";"59,8";"59,8";"54,93";"54,93"
"1532635200";"26.07.2018 23:00";"54,32";"54,32";"54,32";"54,32"
"1532638800";"27.07.2018 00:00";"52,07";"52,07";"52,07";"52,07"
"1532642400";"27.07.2018 01:00";"52,06";"52,06";"52,06";"52,06"
"1532646000";"27.07.2018 02:00";"50,26";"50,26";"50,26";"50,26"
"1532649600";"27.07.2018 03:00";"48,11";"48,11";"48,11";"48,11"
"1532653200";"27.07.2018 04:00";"47,76";"47,76";"47,76";"47,76"
"1532656800";"27.07.2018 05:00";"46,43";"46,43";"46,43";"46,43"
"1532660400";"27.07.2018 06:00";"50,86";"50,86";"50,86";"50,86"
"1532664000";"27.07.2018 07:00";"53,35";"53,35";"53,35";"53,35"
"1532667600";"27.07.2018 08:00";"62,18";"62,18";"62,18";"62,18"
"1532671200";"27.07.2018 09:00";"64,78";"64,78";"64,78";"64,78"
"1532674800";"27.07.2018 10:00";"64,23";"64,23";"64,23";"64,23"
"1532678400";"27.07.2018 11:00";"65,73";"65,73";"65,73";"65,73"
"1532682000";"27.07.2018 12:00";"65,3";"65,3";"65,3";"65,3"
"1532685600";"27.07.2018 13:00";"63,57";"63,57";"63,57";"63,57"
"1532689200";"27.07.2018 14:00";"62,2";"62,2";"62,2";"62,2"
"1532692800";"27.07.2018 15:00";"62,13";"62,13";"62,13";"62,13"
"1532696400";"27.07.2018 16:00";"62,16";"62,16";"62,16";"62,16"
"1532700000";"27.07.2018 17:00";"62,11";"62,11";"62,11";"62,11"
"1532703600";"27.07.2018 18:00";"61,98";"61,98";"61,98";"61,98"
"1532707200";"27.07.2018 19:00";"62,12";"62,12";"62,12";"62,12"
"1532710800";"27.07.2018 20:00";"61,21";"61,21";"60,45";"60,45"
"1532714400";"27.07.2018 21:00";"58,46";"58,46";"54,67";"54,67"
"1532718000";"27.07.2018 22:00";"55,83";"55,83";"54,51";"54,51"
"1532721600";"27.07.2018 23:00";"53,03";"53,03";"53,03";"53,03"
"1532725200";"28.07.2018 00:00";"50,85";"50,85";"50,85";"50,85"
"1532728800";"28.07.2018 01:00";"50,67";"50,67";"50,67";"50,67"
"1532732400";"28.07.2018 02:00";"49,04";"49,04";"49,04";"49,04"
"1532736000";"28.07.2018 03:00";"45,05";"45,05";"45,05";"45,05"
"1532739600";"28.07.2018 04:00";"43,09";"43,09";"43,09";"43,09"
"1532743200";"28.07.2018 05:00";"42,24";"42,24";"42,24";"42,24"
"1532746800";"28.07.2018 06:00";"44,46";"44,46";"44,46";"44,46"
"1532750400";"28.07.2018 07:00";"47,05";"47,05";"47,05";"47,05"
"1532754000";"28.07.2018 08:00";"49,85";"49,85";"49,85";"49,85"
"1532757600";"28.07.2018 09:00";"52,08";"52,08";"52,08";"52,08"
"1532761200";"28.07.2018 10:00";"54,92";"54,92";"53,99";"53,99"
"1532764800";"28.07.2018 11:00";"56,78";"56,78";"56,78";"56,78"
"1532768400";"28.07.2018 12:00";"63,51";"63,51";"55,52";"55,52"
"1532772000";"28.07.2018 13:00";"55,07";"55,07";"55,07";"55,07"
"1532775600";"28.07.2018 14:00";"54,28";"54,28";"54,28";"54,28"
"1532779200";"28.07.2018 15:00";"52,18";"52,18";"52,18";"52,18"
"1532782800";"28.07.2018 16:00";"51,91";"51,91";"51,91";"51,91"
"1532786400";"28.07.2018 17:00";"52,11";"52,11";"52,11";"52,11"
"1532790000";"28.07.2018 18:00";"51,07";"51,07";"51,07";"51,07"
"1532793600";"28.07.2018 19:00";"51,46";"51,46";"51,46";"51,46"
"1532797200";"28.07.2018 20:00";"52,88";"52,88";"52,88";"52,88"
"1532800800";"28.07.2018 21:00";"52,84";"52,84";"52,84";"52,84"
"1532804400";"28.07.2018 22:00";"53,09";"53,09";"53,09";"53,09"
"1532808000";"28.07.2018 23:00";"53,45";"53,45";"53,45";"53,45"
"1532811600";"29.07.2018 00:00";"50,59";"50,59";"50,59";"50,59"
"1532815200";"29.07.2018 01:00";"50,02";"50,02";"50,02";"50,02"
"1532818800";"29.07.2018 02:00";"46,74";"46,74";"46,74";"46,74"
"1532822400";"29.07.2018 03:00";"45,04";"45,04";"45,04";"45,04"
"1532826000";"29.07.2018 04:00";"44,05";"44,05";"44,05";"44,05"
"1532829600";"29.07.2018 05:00";"43,9";"43,9";"43,9";"43,9"
"1532833200";"29.07.2018 06:00";"44,02";"44,02";"44,02";"44,02"
"1532836800";"29.07.2018 07:00";"46,83";"46,83";"46,83";"46,83"
"1532840400";"29.07.2018 08:00";"48,08";"48,08";"48,08";"48,08"
"1532844000";"29.07.2018 09:00";"50,2";"50,2";"50,2";"50,2"
"1532847600";"29.07.2018 10:00";"51,15";"51,15";"51,15";"51,15"
"1532851200";"29.07.2018 11:00";"51,38";"51,38";"51,38";"51,38"
"1532854800";"29.07.2018 12:00";"51,25";"51,25";"51,25";"51,25"
"1532858400";"29.07.2018 13:00";"51,14";"51,14";"51,14";"51,14"
"1532862000";"29.07.2018 14:00";"51,12";"51,12";"51,12";"51,12"
"1532865600";"29.07.2018 15:00";"51,21";"51,21";"51,21";"51,21"
"1532869200";"29.07.2018 16:00";"51,39";"51,39";"51,39";"51,39"
"1532872800";"29.07.2018 17:00";"51,39";"51,39";"51,39";"51,39"
"1532876400";"29.07.2018 18:00";"52,41";"52,41";"52,41";"52,41"
"1532880000";"29.07.2018 19:00";"52,84";"52,84";"52,84";"52,84"
"1532883600";"29.07.2018 20:00";"55,76";"55,76";"54,21";"54,21"
"1532887200";"29.07.2018 21:00";"57,43";"57,43";"54,64";"54,64"
"1532890800";"29.07.2018 22:00";"58,37";"58,37";"54,62";"54,62"
"1532894400";"29.07.2018 23:00";"56,79";"56,79";"54,43";"54,43"
"1532898000";"30.07.2018 00:00";"53,03";"53,03";"53,03";"53,03"
"1532901600";"30.07.2018 01:00";"51,52";"51,52";"51,52";"51,52"
"1532905200";"30.07.2018 02:00";"48,12";"48,12";"48,12";"48,12"
"1532908800";"30.07.2018 03:00";"45,67";"45,67";"45,67";"45,67"
"1532912400";"30.07.2018 04:00";"45,35";"45,35";"45,35";"45,35"
"1532916000";"30.07.2018 05:00";"45,06";"45,06";"45,06";"45,06"
"1532919600";"30.07.2018 06:00";"50,03";"50,03";"50,03";"50,03"
"1532923200";"30.07.2018 07:00";"52,56";"52,56";"52,56";"52,56"
"1532926800";"30.07.2018 08:00";"63,52";"63,52";"63,52";"63,52"
"1532930400";"30.07.2018 09:00";"70,44";"70,44";"70,44";"70,44"
"1532934000";"30.07.2018 10:00";"71,54";"71,54";"71,54";"71,54"
"1532937600";"30.07.2018 11:00";"74,15";"74,15";"74,15";"74,15"
"1532941200";"30.07.2018 12:00";"74,94";"74,94";"74,94";"74,94"
"1532944800";"30.07.2018 13:00";"80,04";"80,04";"80,04";"80,04"
"1532948400";"30.07.2018 14:00";"80,04";"80,04";"80,04";"80,04"
"1532952000";"30.07.2018 15:00";"70,09";"70,09";"70,09";"70,09"
"1532955600";"30.07.2018 16:00";"66,85";"66,85";"66,85";"66,85"
"1532959200";"30.07.2018 17:00";"65,9";"65,9";"65,9";"65,9"
"1532962800";"30.07.2018 18:00";"70,5";"70,5";"70,5";"70,5"
"1532966400";"30.07.2018 19:00";"68,35";"68,35";"68,35";"68,35"
"1532970000";"30.07.2018 20:00";"66,22";"66,22";"66,22";"66,22"
"1532973600";"30.07.2018 21:00";"63,58";"63,58";"63,58";"63,58"
"1532977200";"30.07.2018 22:00";"66,38";"66,38";"66,38";"66,38"
"1532980800";"30.07.2018 23:00";"60,37";"60,37";"60,37";"60,37"
"1532984400";"31.07.2018 00:00";"53,03";"53,03";"53,03";"53,03"
"1532988000";"31.07.2018 01:00";"51,44";"51,44";"51,44";"51,44"
"1532991600";"31.07.2018 02:00";"50,27";"50,27";"50,27";"50,27"
"1532995200";"31.07.2018 03:00";"50,19";"50,19";"50,19";"50,19"
"1532998800";"31.07.2018 04:00";"49,68";"49,68";"49,68";"49,68"
"1533002400";"31.07.2018 05:00";"47,9";"47,9";"47,9";"47,9"
"1533006000";"31.07.2018 06:00";"50,63";"50,63";"50,63";"50,63"
"1533009600";"31.07.2018 07:00";"53,08";"53,08";"53,08";"53,08"
"1533013200";"31.07.2018 08:00";"70,04";"70,04";"70,04";"70,04"
"1533016800";"31.07.2018 09:00";"69,97";"69,97";"69,97";"69,97"
"1533020400";"31.07.2018 10:00";"73,81";"73,81";"73,81";"73,81"
"1533024000";"31.07.2018 11:00";"79,37";"79,37";"79,37";"79,37"
"1533027600";"31.07.2018 12:00";"84,04";"84,04";"84,04";"84,04"
"1533031200";"31.07.2018 13:00";"84,43";"84,43";"84,43";"84,43"
"1533034800";"31.07.2018 14:00";"84,41";"84,41";"84,41";"84,41"
"1533038400";"31.07.2018 15:00";"84,48";"84,48";"84,48";"84,48"
"1533042000";"31.07.2018 16:00";"80,08";"80,08";"80,08";"80,08"
"1533045600";"31.07.2018 17:00";"66,58";"66,58";"66,58";"66,58"
"1533049200";"31.07.2018 18:00";"67,65";"67,65";"67,65";"67,65"
"1533052800";"31.07.2018 19:00";"68,91";"68,91";"68,91";"68,91"
"1533056400";"31.07.2018 20:00";"68,42";"68,42";"68,42";"68,42"
"1533060000";"31.07.2018 21:00";"65,32";"65,32";"65,32";"65,32"
"1533063600";"31.07.2018 22:00";"67,7";"67,7";"67,7";"67,7"
"1533067200";"31.07.2018 23:00";"63,68";"63,68";"63,68";"63,68"
"1533070800";"01.08.2018 00:00";"52,93";"52,93";"52,93";"52,93"
"1533074400";"01.08.2018 01:00";"50,33";"50,33";"50,33";"50,33"
"1533078000";"01.08.2018 02:00";"49,64";"49,64";"49,64";"49,64"
"1533081600";"01.08.2018 03:00";"49,07";"49,07";"49,07";"49,07"
"1533085200";"01.08.2018 04:00";"48,64";"48,64";"48,64";"48,64"
"1533088800";"01.08.2018 05:00";"47,94";"47,94";"47,94";"47,94"
"1533092400";"01.08.2018 06:00";"49,92";"49,92";"49,92";"49,92"
"1533096000";"01.08.2018 07:00";"53,3";"53,3";"53,3";"53,3"
"1533099600";"01.08.2018 08:00";"63,8";"63,8";"63,8";"63,8"
"1533103200";"01.08.2018 09:00";"74,29";"74,29";"74,29";"74,29"
"1533106800";"01.08.2018 10:00";"79,18";"79,18";"79,18";"79,18"
"1533110400";"01.08.2018 11:00";"80,03";"80,03";"80,03";"80,03"
"1533114000";"01.08.2018 12:00";"80,05";"80,05";"80,05";"80,05"
"1533117600";"01.08.2018 13:00";"80,01";"80,01";"80,01";"80,01"
"1533121200";"01.08.2018 14:00";"79,91";"79,91";"79,91";"79,91"
"1533124800";"01.08.2018 15:00";"77,9";"77,9";"77,9";"77,9"
"1533128400";"01.08.2018 16:00";"77,87";"77,87";"77,87";"77,87"
"1533132000";"01.08.2018 17:00";"76,58";"76,58";"76,58";"76,58"
"1533135600";"01.08.2018 18:00";"70,94";"70,94";"70,94";"70,94"
"1533139200";"01.08.2018 19:00";"67,03";"67,03";"67,03";"67,03"
"1533142800";"01.08.2018 20:00";"67,6";"67,6";"67,6";"67,6"
"1533146400";"01.08.2018 21:00";"64";"64";"59,49";"59,49"
"1533150000";"01.08.2018 22:00";"63,59";"63,59";"55,98";"55,98"
"1533153600";"01.08.2018 23:00";"61,43";"61,43";"54,81";"54,81"
"1533157200";"02.08.2018 00:00";"53,77";"53,77";"53,77";"53,77"
"1533160800";"02.08.2018 01:00";"51,46";"51,46";"51,46";"51,46"
"1533164400";"02.08.2018 02:00";"50,04";"50,04";"50,04";"50,04"
"1533168000";"02.08.2018 03:00";"49,58";"49,58";"49,58";"49,58"
"1533171600";"02.08.2018 04:00";"49,26";"49,26";"49,26";"49,26"
"1533175200";"02.08.2018 05:00";"48,57";"48,57";"48,57";"48,57"
"1533178800";"02.08.2018 06:00";"50,08";"50,08";"50,08";"50,08"
"1533182400";"02.08.2018 07:00";"53,47";"53,47";"53,47";"53,47"
"1533186000";"02.08.2018 08:00";"62,21";"62,21";"62,21";"62,21"
"1533189600";"02.08.2018 09:00";"68,97";"68,97";"67,07";"67,07"
"1533193200";"02.08.2018 10:00";"74,35";"74,35";"68,79";"68,79"
"1533196800";"02.08.2018 11:00";"76,18";"76,18";"68,38";"68,38"
"1533200400";"02.08.2018 12:00";"79,69";"79,69";"68,19";"68,19"
"1533204000";"02.08.2018 13:00";"82,3";"82,3";"68,1";"68,1"
"1533207600";"02.08.2018 14:00";"82,3";"82,3";"67,72";"67,72"
"1533211200";"02.08.2018 15:00";"74,34";"74,34";"65,23";"65,23"
"1533214800";"02.08.2018 16:00";"74,35";"74,35";"65,05";"65,05"
"1533218400";"02.08.2018 17:00";"66,01";"66,01";"64,29";"64,29"
"1533222000";"02.08.2018 18:00";"66,42";"66,42";"64,96";"64,96"
"1533225600";"02.08.2018 19:00";"67,98";"67,98";"63,29";"63,29"
"1533229200";"02.08.2018 20:00";"69,41";"69,41";"58,3";"58,3"
"1533232800";"02.08.2018 21:00";"67,72";"67,72";"55,65";"55,65"
"1533236400";"02.08.2018 22:00";"65,49";"65,49";"56,5";"56,5"
"1533240000";"02.08.2018 23:00";"63,62";"63,62";"55,14";"55,14"
"1533243600";"03.08.2018 00:00";"53,93";"53,93";"53,93";"53,93"
"1533247200";"03.08.2018 01:00";"52,37";"52,37";"52,37";"52,37"
"1533250800";"03.08.2018 02:00";"51,14";"51,14";"51,14";"51,14"
"1533254400";"03.08.2018 03:00";"50,29";"50,29";"50,29";"50,29"
"1533258000";"03.08.2018 04:00";"49,54";"49,54";"49,54";"49,54"
"1533261600";"03.08.2018 05:00";"49,66";"49,66";"49,66";"49,66"
"1533265200";"03.08.2018 06:00";"50,29";"50,29";"50,29";"50,29"
"1533268800";"03.08.2018 07:00";"57,29";"57,29";"56,3";"56,3"
"1533272400";"03.08.2018 08:00";"68,09";"68,09";"68,09";"68,09"
"1533276000";"03.08.2018 09:00";"77,23";"77,23";"77,23";"77,23"
"1533279600";"03.08.2018 10:00";"77,22";"77,22";"77,22";"77,22"
"1533283200";"03.08.2018 11:00";"76,58";"76,58";"76,58";"76,58"
"1533286800";"03.08.2018 12:00";"73,49";"73,49";"73,49";"73,49"
"1533290400";"03.08.2018 13:00";"76,24";"76,24";"76,24";"76,24"
"1533294000";"03.08.2018 14:00";"73,01";"73,01";"73,01";"73,01"
"1533297600";"03.08.2018 15:00";"74,03";"74,03";"70,43";"70,43"
"1533301200";"03.08.2018 16:00";"74,82";"74,82";"69,89";"69,89"
"1533304800";"03.08.2018 17:00";"67,55";"67,55";"67,55";"67,55"
"1533308400";"03.08.2018 18:00";"68,07";"68,07";"68,07";"68,07"
"1533312000";"03.08.2018 19:00";"68,82";"68,82";"67,53";"67,53"
"1533315600";"03.08.2018 20:00";"73,68";"73,68";"59,57";"59,57"
"1533319200";"03.08.2018 21:00";"70,35";"70,35";"54,18";"54,18"
"1533322800";"03.08.2018 22:00";"70,01";"70,01";"54,3";"54,3"
"1533326400";"03.08.2018 23:00";"63,78";"63,78";"54,12";"54,12"
"1533330000";"04.08.2018 00:00";"53,88";"53,88";"53,88";"53,88"
"1533333600";"04.08.2018 01:00";"53,72";"53,72";"53,72";"53,72"
"1533337200";"04.08.2018 02:00";"51,51";"51,51";"51,51";"51,51"
"1533340800";"04.08.2018 03:00";"49,94";"49,94";"49,94";"49,94"
"1533344400";"04.08.2018 04:00";"49,5";"49,5";"49,5";"49,5"
"1533348000";"04.08.2018 05:00";"48,75";"48,75";"48,75";"48,75"
"1533351600";"04.08.2018 06:00";"48,73";"48,73";"48,73";"48,73"
"1533355200";"04.08.2018 07:00";"49,96";"49,96";"49,96";"49,96"
"1533358800";"04.08.2018 08:00";"51,63";"51,63";"51,63";"51,63"
"1533362400";"04.08.2018 09:00";"55,1";"55,1";"53,27";"53,27"
"1533366000";"04.08.2018 10:00";"62,75";"62,75";"53,89";"53,89"
"1533369600";"04.08.2018 11:00";"64,9";"64,9";"53,79";"53,79"
"1533373200";"04.08.2018 12:00";"62,59";"62,59";"52,95";"52,95"
"1533376800";"04.08.2018 13:00";"64,95";"64,95";"52,37";"52,37"
"1533380400";"04.08.2018 14:00";"62,74";"62,74";"51,47";"51,47"
"1533384000";"04.08.2018 15:00";"54,96";"54,96";"51,24";"51,24"
"1533387600";"04.08.2018 16:00";"56,2";"56,2";"51,08";"51,08"
"1533391200";"04.08.2018 17:00";"52,6";"52,6";"51,1";"51,1"
"1533394800";"04.08.2018 18:00";"51,58";"51,58";"51,58";"51,58"
"1533398400";"04.08.2018 19:00";"56,2";"56,2";"52,76";"52,76"
"1533402000";"04.08.2018 20:00";"56,26";"56,26";"53,39";"53,39"
"1533405600";"04.08.2018 21:00";"54,97";"54,97";"52,93";"52,93"
"1533409200";"04.08.2018 22:00";"54,67";"54,67";"52,85";"52,85"
"1533412800";"04.08.2018 23:00";"52,09";"52,09";"52,09";"52,09"
"1533416400";"05.08.2018 00:00";"49,6";"49,6";"49,6";"49,6"
"1533420000";"05.08.2018 01:00";"50,61";"50,61";"50,61";"50,61"
"1533423600";"05.08.2018 02:00";"49,88";"49,88";"49,88";"49,88"
"1533427200";"05.08.2018 03:00";"49,41";"49,41";"49,41";"49,41"
"1533430800";"05.08.2018 04:00";"47,86";"47,86";"47,86";"47,86"
"1533434400";"05.08.2018 05:00";"46,07";"46,07";"46,07";"46,07"
"1533438000";"05.08.2018 06:00";"45,07";"45,07";"45,07";"45,07"
"1533441600";"05.08.2018 07:00";"45,68";"45,68";"45,68";"45,68"
"1533445200";"05.08.2018 08:00";"47,44";"47,44";"47,44";"47,44"
"1533448800";"05.08.2018 09:00";"49,44";"49,44";"49,44";"49,44"
"1533452400";"05.08.2018 10:00";"49,78";"49,78";"49,78";"49,78"
"1533456000";"05.08.2018 11:00";"49,69";"49,69";"49,69";"49,69"
"1533459600";"05.08.2018 12:00";"49,72";"49,72";"49,72";"49,72"
"1533463200";"05.08.2018 13:00";"49,46";"49,46";"49,46";"49,46"
"1533466800";"05.08.2018 14:00";"49,36";"49,36";"49,36";"49,36"
"1533470400";"05.08.2018 15:00";"49,19";"49,19";"49,19";"49,19"
"1533474000";"05.08.2018 16:00";"48,05";"48,05";"48,05";"48,05"
"1533477600";"05.08.2018 17:00";"48,19";"48,19";"48,19";"48,19"
"1533481200";"05.08.2018 18:00";"49,89";"49,89";"49,89";"49,89"
"1533484800";"05.08.2018 19:00";"51,33";"51,33";"51,33";"51,33"
"1533488400";"05.08.2018 20:00";"52,39";"52,39";"52,39";"52,39"
"1533492000";"05.08.2018 21:00";"52,91";"52,91";"52,91";"52,91"
"1533495600";"05.08.2018 22:00";"53,42";"53,42";"53,42";"53,42"
"1533499200";"05.08.2018 23:00";"52,97";"52,97";"52,97";"52,97"
"1533502800";"06.08.2018 00:00";"51,51";"51,51";"51,51";"51,51"
"1533506400";"06.08.2018 01:00";"50,05";"50,05";"50,05";"50,05"
"1533510000";"06.08.2018 02:00";"47,99";"47,99";"47,99";"47,99"
"1533513600";"06.08.2018 03:00";"47,02";"47,02";"47,02";"47,02"
"1533517200";"06.08.2018 04:00";"46,02";"46,02";"46,02";"46,02"
"1533520800";"06.08.2018 05:00";"45,08";"45,08";"45,08";"45,08"
"1533524400";"06.08.2018 06:00";"47,1";"47,1";"47,1";"47,1"
"1533528000";"06.08.2018 07:00";"52,91";"52,91";"52,91";"52,91"
"1533531600";"06.08.2018 08:00";"63,38";"63,38";"58,42";"58,42"
"1533535200";"06.08.2018 09:00";"69,03";"69,03";"63,01";"63,01"
"1533538800";"06.08.2018 10:00";"68,34";"68,34";"63,03";"63,03"
"1533542400";"06.08.2018 11:00";"65,94";"65,94";"64,22";"64,22"
"1533546000";"06.08.2018 12:00";"64,45";"64,45";"64,45";"64,45"
"1533549600";"06.08.2018 13:00";"66,05";"66,05";"62,36";"62,36"
"1533553200";"06.08.2018 14:00";"59,72";"59,72";"59,72";"59,72"
"1533556800";"06.08.2018 15:00";"64,64";"64,64";"60,42";"60,42"
"1533560400";"06.08.2018 16:00";"63,06";"63,06";"58,4";"58,4"
"1533564000";"06.08.2018 17:00";"66,99";"66,99";"58,17";"58,17"
"1533567600";"06.08.2018 18:00";"71,71";"71,71";"57,13";"57,13"
"1533571200";"06.08.2018 19:00";"74,58";"74,58";"57,24";"57,24"
"1533574800";"06.08.2018 20:00";"78,08";"78,08";"56,83";"56,83"
"1533578400";"06.08.2018 21:00";"77,29";"77,29";"53,67";"53,67"
"1533582000";"06.08.2018 22:00";"74,82";"74,82";"55,04";"55,04"
"1533585600";"06.08.2018 23:00";"69,89";"69,89";"54,94";"54,94"
"1533589200";"07.08.2018 00:00";"55,63";"55,63";"54,43";"54,43"
"1533592800";"07.08.2018 01:00";"53,29";"53,29";"53,29";"53,29"
"1533596400";"07.08.2018 02:00";"52,06";"52,06";"52,06";"52,06"
"1533600000";"07.08.2018 03:00";"51,01";"51,01";"51,01";"51,01"
"1533603600";"07.08.2018 04:00";"49,75";"49,75";"49,75";"49,75"
"1533607200";"07.08.2018 05:00";"49,53";"49,53";"49,53";"49,53"
"1533610800";"07.08.2018 06:00";"51,51";"51,51";"51,51";"51,51"
"1533614400";"07.08.2018 07:00";"56,6";"56,6";"54,91";"54,91"
"1533618000";"07.08.2018 08:00";"68,85";"68,85";"59,69";"59,69"
"1533621600";"07.08.2018 09:00";"72,52";"72,52";"64,65";"64,65"
"1533625200";"07.08.2018 10:00";"80,01";"80,01";"65,95";"65,95"
"1533628800";"07.08.2018 11:00";"70,7";"70,7";"69";"69"
"1533632400";"07.08.2018 12:00";"74,56";"74,56";"67,94";"67,94"
"1533636000";"07.08.2018 13:00";"79,36";"79,36";"66,92";"66,92"
"1533639600";"07.08.2018 14:00";"74,56";"74,56";"67,4";"67,4"
"1533643200";"07.08.2018 15:00";"74,87";"74,87";"65,03";"65,03"
"1533646800";"07.08.2018 16:00";"73,06";"73,06";"64,19";"64,19"
"1533650400";"07.08.2018 17:00";"69,12";"69,12";"59,6";"59,6"
"1533654000";"07.08.2018 18:00";"72,59";"72,59";"58,45";"58,45"
"1533657600";"07.08.2018 19:00";"76";"76";"58,1";"58,1"
"1533661200";"07.08.2018 20:00";"78,04";"78,04";"57,11";"57,11"
"1533664800";"07.08.2018 21:00";"73,06";"73,06";"56,07";"56,07"
"1533668400";"07.08.2018 22:00";"66,02";"66,02";"57,24";"57,24"
"1533672000";"07.08.2018 23:00";"56,06";"56,06";"55,43";"55,43"
"1533675600";"08.08.2018 00:00";"51,97";"51,97";"51,97";"51,97"
"1533679200";"08.08.2018 01:00";"49,35";"49,35";"49,35";"49,35"
"1533682800";"08.08.2018 02:00";"47,55";"47,55";"47,55";"47,55"
"1533686400";"08.08.2018 03:00";"46,61";"46,61";"46,61";"46,61"
"1533690000";"08.08.2018 04:00";"43,9";"43,9";"43,9";"43,9"
"1533693600";"08.08.2018 05:00";"43,9";"43,9";"43,9";"43,9"
"1533697200";"08.08.2018 06:00";"47,8";"47,8";"47,8";"47,8"
"1533700800";"08.08.2018 07:00";"51,15";"51,15";"51,15";"51,15"
"1533704400";"08.08.2018 08:00";"62,26";"62,26";"62,26";"62,26"
"1533708000";"08.08.2018 09:00";"66,46";"66,46";"66,46";"66,46"
"1533711600";"08.08.2018 10:00";"70,04";"70,04";"70,04";"70,04"
"1533715200";"08.08.2018 11:00";"70,04";"70,04";"68,33";"68,33"
"1533718800";"08.08.2018 12:00";"70,07";"70,07";"67,32";"67,32"
"1533722400";"08.08.2018 13:00";"70,1";"70,1";"67,29";"67,29"
"1533726000";"08.08.2018 14:00";"72,43";"72,43";"66,67";"66,67"
"1533729600";"08.08.2018 15:00";"72,49";"72,49";"63,71";"63,71"
"1533733200";"08.08.2018 16:00";"66,05";"66,05";"60,55";"60,55"
"1533736800";"08.08.2018 17:00";"62,76";"62,76";"59,93";"59,93"
"1533740400";"08.08.2018 18:00";"62,96";"62,96";"58,18";"58,18"
"1533744000";"08.08.2018 19:00";"64,63";"64,63";"55,03";"55,03"
"1533747600";"08.08.2018 20:00";"66,23";"66,23";"52,86";"52,86"
"1533751200";"08.08.2018 21:00";"66,06";"66,06";"52,36";"52,36"
"1533754800";"08.08.2018 22:00";"62,78";"62,78";"52,46";"52,46"
"1533758400";"08.08.2018 23:00";"52,24";"52,24";"52,24";"52,24"
"1533762000";"09.08.2018 00:00";"50,07";"50,07";"50,07";"50,07"
"1533765600";"09.08.2018 01:00";"49,36";"49,36";"49,36";"49,36"
"1533769200";"09.08.2018 02:00";"46,33";"46,33";"46,33";"46,33"
"1533772800";"09.08.2018 03:00";"45,04";"45,04";"45,04";"45,04"
"1533776400";"09.08.2018 04:00";"43,99";"43,99";"43,99";"43,99"
"1533780000";"09.08.2018 05:00";"44";"44";"44";"44"
"1533783600";"09.08.2018 06:00";"46,61";"46,61";"46,61";"46,61"
"1533787200";"09.08.2018 07:00";"51,21";"51,21";"51,21";"51,21"
"1533790800";"09.08.2018 08:00";"62,79";"62,79";"52,17";"52,17"
"1533794400";"09.08.2018 09:00";"69,05";"69,05";"52,67";"52,67"
"1533798000";"09.08.2018 10:00";"72,83";"72,83";"53,81";"53,81"
"1533801600";"09.08.2018 11:00";"75,7";"75,7";"53,62";"53,62"
"1533805200";"09.08.2018 12:00";"72,54";"72,54";"53,91";"53,91"
"1533808800";"09.08.2018 13:00";"72,53";"72,53";"54";"54"
"1533812400";"09.08.2018 14:00";"72,72";"72,72";"54,28";"54,28"
"1533816000";"09.08.2018 15:00";"72,59";"72,59";"54,6";"54,6"
"1533819600";"09.08.2018 16:00";"72,83";"72,83";"54,37";"54,37"
"1533823200";"09.08.2018 17:00";"69,33";"69,33";"53,57";"53,57"
"1533826800";"09.08.2018 18:00";"62,78";"62,78";"53,83";"53,83"
"1533830400";"09.08.2018 19:00";"62,7";"62,7";"54,46";"54,46"
"1533834000";"09.08.2018 20:00";"58,59";"58,59";"56";"56"
"1533837600";"09.08.2018 21:00";"54,56";"54,56";"52,24";"52,24"
"1533841200";"09.08.2018 22:00";"51,41";"51,41";"51,41";"51,41"
"1533844800";"09.08.2018 23:00";"49,54";"49,54";"49,54";"49,54"
"1533848400";"10.08.2018 00:00";"47,29";"47,29";"47,29";"47,29"
"1533852000";"10.08.2018 01:00";"44,84";"44,84";"44,84";"44,84"
"1533855600";"10.08.2018 02:00";"42,22";"42,22";"42,22";"42,22"
"1533859200";"10.08.2018 03:00";"41,1";"41,1";"41,1";"41,1"
"1533862800";"10.08.2018 04:00";"40,68";"40,68";"40,68";"40,68"
"1533866400";"10.08.2018 05:00";"38,81";"38,81";"38,81";"38,81"
"1533870000";"10.08.2018 06:00";"39,93";"39,93";"39,93";"39,93"
"1533873600";"10.08.2018 07:00";"49,44";"49,44";"49,44";"49,44"
"1533877200";"10.08.2018 08:00";"67,21";"67,21";"67,21";"67,21"
"1533880800";"10.08.2018 09:00";"72,99";"72,99";"72,99";"72,99"
"1533884400";"10.08.2018 10:00";"67,06";"67,06";"67,06";"67,06"
"1533888000";"10.08.2018 11:00";"66,59";"66,59";"66,59";"66,59"
"1533891600";"10.08.2018 12:00";"66,12";"66,12";"66,12";"66,12"
"1533895200";"10.08.2018 13:00";"64,71";"64,71";"64,71";"64,71"
"1533898800";"10.08.2018 14:00";"62,76";"62,76";"62,76";"62,76"
"1533902400";"10.08.2018 15:00";"62,7";"62,7";"61,3";"61,3"
"1533906000";"10.08.2018 16:00";"64,69";"64,69";"64,69";"64,69"
"1533909600";"10.08.2018 17:00";"62,72";"62,72";"62,24";"62,24"
"1533913200";"10.08.2018 18:00";"58,68";"58,68";"58,68";"58,68"
"1533916800";"10.08.2018 19:00";"58,56";"58,56";"54,04";"54,04"
"1533920400";"10.08.2018 20:00";"58,65";"58,65";"51,1";"51,1"
"1533924000";"10.08.2018 21:00";"62,12";"62,12";"50,39";"50,39"
"1533927600";"10.08.2018 22:00";"58,55";"58,55";"50,34";"50,34"
"1533931200";"10.08.2018 23:00";"49,76";"49,76";"49,76";"49,76"
"1533934800";"11.08.2018 00:00";"48,25";"48,25";"48,25";"48,25"
"1533938400";"11.08.2018 01:00";"48,24";"48,24";"48,24";"48,24"
"1533942000";"11.08.2018 02:00";"45,8";"45,8";"45,8";"45,8"
"1533945600";"11.08.2018 03:00";"44,02";"44,02";"44,02";"44,02"
"1533949200";"11.08.2018 04:00";"41,39";"41,39";"41,39";"41,39"
"1533952800";"11.08.2018 05:00";"40,64";"40,64";"40,64";"40,64"
"1533956400";"11.08.2018 06:00";"41,01";"41,01";"41,01";"41,01"
"1533960000";"11.08.2018 07:00";"41,52";"41,52";"41,52";"41,52"
"1533963600";"11.08.2018 08:00";"44,22";"44,22";"44,22";"44,22"
"1533967200";"11.08.2018 09:00";"47,97";"47,97";"47,97";"47,97"
"1533970800";"11.08.2018 10:00";"61,82";"61,82";"48,48";"48,48"
"1533974400";"11.08.2018 11:00";"61,83";"61,83";"48,46";"48,46"
"1533978000";"11.08.2018 12:00";"61,82";"61,82";"48,56";"48,56"
"1533981600";"11.08.2018 13:00";"55,74";"55,74";"48,76";"48,76"
"1533985200";"11.08.2018 14:00";"52,89";"52,89";"48,43";"48,43"
"1533988800";"11.08.2018 15:00";"47,97";"47,97";"47,97";"47,97"
"1533992400";"11.08.2018 16:00";"47,08";"47,08";"47,08";"47,08"
"1533996000";"11.08.2018 17:00";"48,07";"48,07";"48,07";"48,07"
"1533999600";"11.08.2018 18:00";"48,74";"48,74";"48,74";"48,74"
"1534003200";"11.08.2018 19:00";"49,6";"49,6";"49,6";"49,6"
"1534006800";"11.08.2018 20:00";"50,78";"50,78";"50,78";"50,78"
"1534010400";"11.08.2018 21:00";"50,98";"50,98";"50,98";"50,98"
"1534014000";"11.08.2018 22:00";"51,17";"51,17";"51,17";"51,17"
"1534017600";"11.08.2018 23:00";"50,2";"50,2";"50,2";"50,2"
"1534021200";"12.08.2018 00:00";"49,38";"49,38";"49,38";"49,38"
"1534024800";"12.08.2018 01:00";"47,06";"47,06";"47,06";"47,06"
"1534028400";"12.08.2018 02:00";"44,5";"44,5";"44,5";"44,5"
"1534032000";"12.08.2018 03:00";"42,8";"42,8";"42,8";"42,8"
"1534035600";"12.08.2018 04:00";"42,05";"42,05";"42,05";"42,05"
"1534039200";"12.08.2018 05:00";"40,99";"40,99";"40,99";"40,99"
"1534042800";"12.08.2018 06:00";"40,93";"40,93";"40,93";"40,93"
"1534046400";"12.08.2018 07:00";"41,47";"41,47";"41,47";"41,47"
"1534050000";"12.08.2018 08:00";"40,97";"40,97";"40,97";"40,97"
"1534053600";"12.08.2018 09:00";"42,11";"42,11";"42,11";"42,11"
"1534057200";"12.08.2018 10:00";"43,89";"43,89";"43,89";"43,89"
"1534060800";"12.08.2018 11:00";"44,54";"44,54";"44,54";"44,54"
"1534064400";"12.08.2018 12:00";"45,02";"45,02";"45,02";"45,02"
"1534068000";"12.08.2018 13:00";"45,02";"45,02";"45,02";"45,02"
"1534071600";"12.08.2018 14:00";"44,43";"44,43";"44,43";"44,43"
"1534075200";"12.08.2018 15:00";"44,41";"44,41";"44,41";"44,41"
"1534078800";"12.08.2018 16:00";"45,09";"45,09";"45,09";"45,09"
"1534082400";"12.08.2018 17:00";"45,87";"45,87";"45,87";"45,87"
"1534086000";"12.08.2018 18:00";"47,45";"47,45";"47,45";"47,45"
"1534089600";"12.08.2018 19:00";"49,58";"49,58";"49,58";"49,58"
"1534093200";"12.08.2018 20:00";"50,67";"50,67";"50,67";"50,67"
"1534096800";"12.08.2018 21:00";"51,8";"51,8";"51,8";"51,8"
"1534100400";"12.08.2018 22:00";"54,96";"54,96";"52,6";"52,6"
"1534104000";"12.08.2018 23:00";"50,43";"50,43";"50,43";"50,43"
"1534107600";"13.08.2018 00:00";"49,45";"49,45";"49,45";"49,45"
"1534111200";"13.08.2018 01:00";"49,06";"49,06";"49,06";"49,06"
"1534114800";"13.08.2018 02:00";"47,08";"47,08";"47,08";"47,08"
"1534118400";"13.08.2018 03:00";"44,97";"44,97";"44,97";"44,97"
"1534122000";"13.08.2018 04:00";"44,18";"44,18";"44,18";"44,18"
"1534125600";"13.08.2018 05:00";"44,06";"44,06";"44,06";"44,06"
"1534129200";"13.08.2018 06:00";"47,26";"47,26";"47,26";"47,26"
"1534132800";"13.08.2018 07:00";"53,69";"53,69";"53,69";"53,69"
"1534136400";"13.08.2018 08:00";"60,79";"60,79";"60,79";"60,79"
"1534140000";"13.08.2018 09:00";"63,04";"63,04";"63,04";"63,04"
"1534143600";"13.08.2018 10:00";"65,08";"65,08";"63,76";"63,76"
"1534147200";"13.08.2018 11:00";"67,08";"67,08";"64,49";"64,49"
"1534150800";"13.08.2018 12:00";"67,04";"67,04";"64,93";"64,93"
"1534154400";"13.08.2018 13:00";"68";"68";"63,44";"63,44"
"1534158000";"13.08.2018 14:00";"75,02";"75,02";"64,81";"64,81"
"1534161600";"13.08.2018 15:00";"70,9";"70,9";"64,32";"64,32"
"1534165200";"13.08.2018 16:00";"67,42";"67,42";"60,84";"60,84"
"1534168800";"13.08.2018 17:00";"59,56";"59,56";"59,56";"59,56"
"1534172400";"13.08.2018 18:00";"60,14";"60,14";"60,14";"60,14"
"1534176000";"13.08.2018 19:00";"59,91";"59,91";"59,91";"59,91"
"1534179600";"13.08.2018 20:00";"62,09";"62,09";"62,09";"62,09"
"1534183200";"13.08.2018 21:00";"59,26";"59,26";"59,26";"59,26"
"1534186800";"13.08.2018 22:00";"59,99";"59,99";"59,99";"59,99"
"1534190400";"13.08.2018 23:00";"55,34";"55,34";"55,34";"55,34"
"1534194000";"14.08.2018 00:00";"49,94";"49,94";"49,94";"49,94"
"1534197600";"14.08.2018 01:00";"49,41";"49,41";"49,41";"49,41"
"1534201200";"14.08.2018 02:00";"47,88";"47,88";"47,88";"47,88"
"1534204800";"14.08.2018 03:00";"46,88";"46,88";"46,88";"46,88"
"1534208400";"14.08.2018 04:00";"45,7";"45,7";"45,7";"45,7"
"1534212000";"14.08.2018 05:00";"45,77";"45,77";"45,77";"45,77"
"1534215600";"14.08.2018 06:00";"48,22";"48,22";"48,22";"48,22"
"1534219200";"14.08.2018 07:00";"53,47";"53,47";"53,47";"53,47"
"1534222800";"14.08.2018 08:00";"61,71";"61,71";"61,71";"61,71"
"1534226400";"14.08.2018 09:00";"64,07";"64,07";"64,07";"64,07"
"1534230000";"14.08.2018 10:00";"66,07";"66,07";"66,07";"66,07"
"1534233600";"14.08.2018 11:00";"65,98";"65,98";"65,98";"65,98"
"1534237200";"14.08.2018 12:00";"66,79";"66,79";"66,79";"66,79"
"1534240800";"14.08.2018 13:00";"67,44";"67,44";"67,44";"67,44"
"1534244400";"14.08.2018 14:00";"67,03";"67,03";"66,05";"66,05"
"1534248000";"14.08.2018 15:00";"62,9";"62,9";"62,9";"62,9"
"1534251600";"14.08.2018 16:00";"61,93";"61,93";"61,93";"61,93"
"1534255200";"14.08.2018 17:00";"60,02";"60,02";"60,02";"60,02"
"1534258800";"14.08.2018 18:00";"58,52";"58,52";"58,52";"58,52"
"1534262400";"14.08.2018 19:00";"59,89";"59,89";"59,89";"59,89"
"1534266000";"14.08.2018 20:00";"63,53";"63,53";"63,53";"63,53"
"1534269600";"14.08.2018 21:00";"61,92";"61,92";"61,92";"61,92"
"1534273200";"14.08.2018 22:00";"61,97";"61,97";"61,97";"61,97"
"1534276800";"14.08.2018 23:00";"57,05";"57,05";"57,05";"57,05"
"1534280400";"15.08.2018 00:00";"50,99";"50,99";"50,99";"50,99"
"1534284000";"15.08.2018 01:00";"49,41";"49,41";"49,41";"49,41"
"1534287600";"15.08.2018 02:00";"48,39";"47,59";"48,39";"48,39"
"1534291200";"15.08.2018 03:00";"47,85";"47,85";"47,85";"47,85"
"1534294800";"15.08.2018 04:00";"46,55";"46,55";"46,55";"46,55"
"1534298400";"15.08.2018 05:00";"45,52";"45,52";"45,52";"45,52"
"1534302000";"15.08.2018 06:00";"47,19";"47,19";"47,19";"47,19"
"1534305600";"15.08.2018 07:00";"51,07";"51,07";"51,07";"51,07"
"1534309200";"15.08.2018 08:00";"55,25";"55,25";"55,25";"55,25"
"1534312800";"15.08.2018 09:00";"59,68";"59,68";"59,68";"59,68"
"1534316400";"15.08.2018 10:00";"59,27";"59,27";"59,27";"59,27"
"1534320000";"15.08.2018 11:00";"59,62";"59,62";"59,62";"59,62"
"1534323600";"15.08.2018 12:00";"61,3";"61,3";"61,3";"61,3"
"1534327200";"15.08.2018 13:00";"60,62";"60,62";"60,62";"60,62"
"1534330800";"15.08.2018 14:00";"58,43";"58,43";"58,43";"58,43"
"1534334400";"15.08.2018 15:00";"58";"58";"58";"58"
"1534338000";"15.08.2018 16:00";"56,97";"56,97";"56,97";"56,97"
"1534341600";"15.08.2018 17:00";"53,96";"53,96";"53,96";"53,96"
"1534345200";"15.08.2018 18:00";"54,63";"54,63";"54,63";"54,63"
"1534348800";"15.08.2018 19:00";"57,98";"57,98";"57,98";"57,98"
"1534352400";"15.08.2018 20:00";"56,73";"56,73";"56,73";"56,73"
"1534356000";"15.08.2018 21:00";"60,4";"60,4";"55,41";"55,41"
"1534359600";"15.08.2018 22:00";"61,86";"61,86";"55,07";"55,07"
"1534363200";"15.08.2018 23:00";"53,21";"53,21";"53,21";"53,21"
"1534366800";"16.08.2018 00:00";"50,57";"50,57";"50,57";"50,57"
"1534370400";"16.08.2018 01:00";"49,41";"49,41";"49,41";"49,41"
"1534374000";"16.08.2018 02:00";"47,97";"47,07";"47,97";"47,97"
"1534377600";"16.08.2018 03:00";"47,39";"46,54";"47,39";"47,39"
"1534381200";"16.08.2018 04:00";"46,82";"46,82";"46,82";"46,82"
"1534384800";"16.08.2018 05:00";"46,51";"46,51";"46,51";"46,51"
"1534388400";"16.08.2018 06:00";"48,5";"48,5";"48,5";"48,5"
"1534392000";"16.08.2018 07:00";"52,86";"52,86";"52,86";"52,86"
"1534395600";"16.08.2018 08:00";"66,79";"66,79";"61,57";"61,57"
"1534399200";"16.08.2018 09:00";"75,07";"75,07";"62,84";"62,84"
"1534402800";"16.08.2018 10:00";"75,07";"75,07";"63,1";"63,1"
"1534406400";"16.08.2018 11:00";"80,09";"80,09";"64,44";"64,44"
"1534410000";"16.08.2018 12:00";"75,08";"75,08";"62,38";"62,38"
"1534413600";"16.08.2018 13:00";"80,13";"81,54";"61,46";"61,46"
"1534417200";"16.08.2018 14:00";"80,1";"80,1";"57,6";"57,6"
"1534420800";"16.08.2018 15:00";"76,68";"76,68";"52,86";"52,86"
"1534424400";"16.08.2018 16:00";"70,03";"70,03";"52,08";"52,08"
"1534428000";"16.08.2018 17:00";"66,72";"66,72";"52,01";"52,01"
"1534431600";"16.08.2018 18:00";"64,36";"64,36";"53,03";"53,03"
"1534435200";"16.08.2018 19:00";"63,79";"63,79";"52,91";"52,91"
"1534438800";"16.08.2018 20:00";"64,11";"64,11";"52,34";"52,34"
"1534442400";"16.08.2018 21:00";"64,4";"64,4";"50,86";"50,86"
"1534446000";"16.08.2018 22:00";"62,31";"62,31";"50,71";"50,71"
"1534449600";"16.08.2018 23:00";"54,09";"54,09";"50,23";"50,23"
"1534453200";"17.08.2018 00:00";"48,11";"48,11";"48,11";"48,11"
"1534456800";"17.08.2018 01:00";"46,89";"46,89";"46,89";"46,89"
"1534460400";"17.08.2018 02:00";"45,39";"45,39";"45,39";"45,39"
"1534464000";"17.08.2018 03:00";"44,89";"44,89";"44,89";"44,89"
"1534467600";"17.08.2018 04:00";"44,72";"44,72";"44,72";"44,72"
"1534471200";"17.08.2018 05:00";"44,98";"44,98";"44,98";"44,98"
"1534474800";"17.08.2018 06:00";"46,57";"46,57";"46,57";"46,57"
"1534478400";"17.08.2018 07:00";"52,61";"52,61";"49,89";"49,89"
"1534482000";"17.08.2018 08:00";"62,03";"62,03";"52,43";"52,43"
"1534485600";"17.08.2018 09:00";"66,27";"66,27";"53,57";"53,57"
"1534489200";"17.08.2018 10:00";"76,6";"76,6";"53,63";"53,63"
"1534492800";"17.08.2018 11:00";"80,13";"80,13";"53,86";"53,86"
"1534496400";"17.08.2018 12:00";"84,68";"84,68";"54,15";"54,15"
"1534500000";"17.08.2018 13:00";"80,2";"88,21";"54,71";"54,71"
"1534503600";"17.08.2018 14:00";"80,2";"88,16";"55,04";"55,04"
"1534507200";"17.08.2018 15:00";"79";"79";"53,67";"53,67"
"1534510800";"17.08.2018 16:00";"77,33";"77,33";"53,01";"53,01"
"1534514400";"17.08.2018 17:00";"73,26";"73,26";"52,81";"52,81"
"1534518000";"17.08.2018 18:00";"65,16";"65,16";"51,96";"51,96"
"1534521600";"17.08.2018 19:00";"64,19";"64,19";"52,28";"52,28"
"1534525200";"17.08.2018 20:00";"64,51";"64,51";"52,89";"52,89"
"1534528800";"17.08.2018 21:00";"65,51";"65,51";"50,25";"50,25"
"1534532400";"17.08.2018 22:00";"62,69";"62,69";"50,37";"50,37"
"1534536000";"17.08.2018 23:00";"55,63";"55,63";"49,74";"49,74"
"1534539600";"18.08.2018 00:00";"48,67";"48,67";"48,67";"48,67"
"1534543200";"18.08.2018 01:00";"49,09";"49,09";"49,09";"49,09"
"1534546800";"18.08.2018 02:00";"48,44";"48,44";"48,44";"48,44"
"1534550400";"18.08.2018 03:00";"47,73";"46,62";"47,73";"47,73"
"1534554000";"18.08.2018 04:00";"46,41";"46,41";"46,41";"46,41"
"1534557600";"18.08.2018 05:00";"46,16";"46,16";"46,16";"46,16"
"1534561200";"18.08.2018 06:00";"44,78";"44,78";"45,92";"44,78"
"1534564800";"18.08.2018 07:00";"48,78";"48,78";"47,64";"48,78"
"1534568400";"18.08.2018 08:00";"62,43";"62,43";"48,66";"48,66"
"1534572000";"18.08.2018 09:00";"65,54";"65,54";"49,99";"49,99"
"1534575600";"18.08.2018 10:00";"73,04";"73,04";"50,36";"50,36"
"1534579200";"18.08.2018 11:00";"75,09";"75,09";"50,15";"50,15"
"1534582800";"18.08.2018 12:00";"75,75";"75,75";"49,48";"49,48"
"1534586400";"18.08.2018 13:00";"69,1";"69,1";"47,42";"47,42"
"1534590000";"18.08.2018 14:00";"71,01";"71,01";"46,06";"46,06"
"1534593600";"18.08.2018 15:00";"66,44";"66,44";"45,57";"45,57"
"1534597200";"18.08.2018 16:00";"66,05";"66,05";"46,03";"46,03"
"1534600800";"18.08.2018 17:00";"64,55";"64,55";"46,85";"46,85"
"1534604400";"18.08.2018 18:00";"62,5";"62,5";"48";"48"
"1534608000";"18.08.2018 19:00";"62,46";"62,46";"48,16";"48,16"
"1534611600";"18.08.2018 20:00";"62,41";"62,41";"48,11";"48,11"
"1534615200";"18.08.2018 21:00";"62,49";"62,49";"47,67";"47,67"
"1534618800";"18.08.2018 22:00";"56,36";"56,36";"48,04";"48,04"
"1534622400";"18.08.2018 23:00";"46,41";"46,41";"46,41";"46,41"
"1534626000";"19.08.2018 00:00";"43,64";"43,64";"43,64";"43,64"
"1534629600";"19.08.2018 01:00";"44,18";"44,18";"44,18";"44,18"
"1534633200";"19.08.2018 02:00";"42,89";"42,89";"42,89";"42,89"
"1534636800";"19.08.2018 03:00";"42,66";"42,66";"42,66";"42,66"
"1534640400";"19.08.2018 04:00";"42,69";"42,69";"42,69";"42,69"
"1534644000";"19.08.2018 05:00";"42,48";"42,48";"42,48";"42,48"
"1534647600";"19.08.2018 06:00";"42,9";"42,9";"42,9";"42,9"
"1534651200";"19.08.2018 07:00";"45,09";"45,09";"44,21";"44,21"
"1534654800";"19.08.2018 08:00";"45,05";"45,05";"45";"45"
"1534658400";"19.08.2018 09:00";"46,06";"46,06";"46,06";"46,06"
"1534662000";"19.08.2018 10:00";"62,51";"62,51";"47,02";"47,02"
"1534665600";"19.08.2018 11:00";"62,51";"62,51";"46,02";"46,02"
"1534669200";"19.08.2018 12:00";"47,3";"47,3";"45,89";"45,89"
"1534672800";"19.08.2018 13:00";"45,66";"45,66";"44,7";"44,7"
"1534676400";"19.08.2018 14:00";"44,24";"44,24";"44,24";"44,24"
"1534680000";"19.08.2018 15:00";"42,66";"42,66";"42,65";"42,65"
"1534683600";"19.08.2018 16:00";"42,58";"42,58";"42,58";"42,58"
"1534687200";"19.08.2018 17:00";"44,32";"44,32";"44,32";"44,32"
"1534690800";"19.08.2018 18:00";"47,09";"47,09";"47,09";"47,09"
"1534694400";"19.08.2018 19:00";"49,61";"49,61";"49,61";"49,61"
"1534698000";"19.08.2018 20:00";"62,51";"62,51";"49,99";"49,99"
"1534701600";"19.08.2018 21:00";"63,61";"63,61";"50,07";"50,07"
"1534705200";"19.08.2018 22:00";"62,42";"62,42";"50,17";"50,17"
"1534708800";"19.08.2018 23:00";"51,68";"51,68";"49,5";"49,5"
"1534712400";"20.08.2018 00:00";"48,02";"48,02";"48,02";"48,02"
"1534716000";"20.08.2018 01:00";"46,59";"46,59";"46,59";"46,59"
"1534719600";"20.08.2018 02:00";"46,06";"46,06";"46,06";"46,06"
"1534723200";"20.08.2018 03:00";"44,15";"44,15";"44,15";"44,15"
"1534726800";"20.08.2018 04:00";"43,8";"43,8";"43,8";"43,8"
"1534730400";"20.08.2018 05:00";"43,6";"43,6";"43,6";"43,6"
"1534734000";"20.08.2018 06:00";"45,15";"45,15";"46,76";"45,15"
"1534737600";"20.08.2018 07:00";"64,05";"64,05";"50,76";"52,37"
"1534741200";"20.08.2018 08:00";"66,04";"66,04";"54,25";"54,25"
"1534744800";"20.08.2018 09:00";"73";"73";"59,95";"59,95"
"1534748400";"20.08.2018 10:00";"80,35";"80,35";"59,96";"59,96"
"1534752000";"20.08.2018 11:00";"80,34";"80,34";"59,94";"59,94"
"1534755600";"20.08.2018 12:00";"66,08";"66,08";"58,87";"58,87"
"1534759200";"20.08.2018 13:00";"66,08";"66,08";"57,09";"57,09"
"1534762800";"20.08.2018 14:00";"66,05";"66,05";"54,99";"54,99"
"1534766400";"20.08.2018 15:00";"66,01";"66,01";"52,86";"52,86"
"1534770000";"20.08.2018 16:00";"64,07";"64,07";"52,79";"52,79"
"1534773600";"20.08.2018 17:00";"64,03";"64,03";"52,76";"52,76"
"1534777200";"20.08.2018 18:00";"64,02";"64,02";"53,83";"53,83"
"1534780800";"20.08.2018 19:00";"59,36";"59,36";"54,65";"54,65"
"1534784400";"20.08.2018 20:00";"60,63";"60,63";"54,56";"54,56"
"1534788000";"20.08.2018 21:00";"66,01";"66,01";"54,05";"54,05"
"1534791600";"20.08.2018 22:00";"58,12";"58,12";"53,02";"53,02"
"1534795200";"20.08.2018 23:00";"50,58";"50,58";"50,58";"50,58"
"1534798800";"21.08.2018 00:00";"48,19";"48,19";"48,19";"48,19"
"1534802400";"21.08.2018 01:00";"47,02";"47,02";"48,92";"47,02"
"1534806000";"21.08.2018 02:00";"47,49";"47,49";"48,24";"47,49"
"1534809600";"21.08.2018 03:00";"46,03";"46,03";"48,08";"46,03"
"1534813200";"21.08.2018 04:00";"48,03";"48,03";"48,03";"48,03"
"1534816800";"21.08.2018 05:00";"47,95";"47,95";"47,95";"47,95"
"1534820400";"21.08.2018 06:00";"47,08";"47,08";"48,91";"47,08"
"1534824000";"21.08.2018 07:00";"54,67";"54,67";"52,85";"54,67"
"1534827600";"21.08.2018 08:00";"62,56";"62,56";"60,15";"60,15"
"1534831200";"21.08.2018 09:00";"67,94";"67,94";"67,94";"67,94"
"1534834800";"21.08.2018 10:00";"69,06";"69,06";"67,34";"67,34"
"1534838400";"21.08.2018 11:00";"69,07";"69,07";"65,22";"65,22"
"1534842000";"21.08.2018 12:00";"69,01";"69,01";"64,97";"64,97"
"1534845600";"21.08.2018 13:00";"70,91";"70,91";"65,89";"65,89"
"1534849200";"21.08.2018 14:00";"66,09";"66,09";"64,99";"64,99"
"1534852800";"21.08.2018 15:00";"69,02";"69,02";"62,27";"62,27"
"1534856400";"21.08.2018 16:00";"66,03";"66,03";"62,97";"62,97"
"1534860000";"21.08.2018 17:00";"64,67";"64,67";"61,34";"61,34"
"1534863600";"21.08.2018 18:00";"64,65";"64,65";"61,55";"61,55"
"1534867200";"21.08.2018 19:00";"64,61";"64,61";"63,98";"63,98"
"1534870800";"21.08.2018 20:00";"64,67";"64,67";"64,67";"64,67"
"1534874400";"21.08.2018 21:00";"64,69";"64,69";"61,96";"61,96"
"1534878000";"21.08.2018 22:00";"64,69";"64,69";"59,06";"59,06"
"1534881600";"21.08.2018 23:00";"56,78";"56,78";"55,52";"55,52"
"1534885200";"22.08.2018 00:00";"50,71";"50,71";"50,71";"50,71"
"1534888800";"22.08.2018 01:00";"50,14";"50,14";"51,05";"50,14"
"1534892400";"22.08.2018 02:00";"46,55";"46,55";"49,6";"46,55"
"1534896000";"22.08.2018 03:00";"46,55";"46,55";"49,27";"46,55"
"1534899600";"22.08.2018 04:00";"46,54";"46,54";"48,47";"46,54"
"1534903200";"22.08.2018 05:00";"46,71";"46,71";"48,67";"46,71"
"1534906800";"22.08.2018 06:00";"49,1";"47,66";"49,1";"49,1"
"1534910400";"22.08.2018 07:00";"58,49";"58,49";"58,49";"58,49"
"1534914000";"22.08.2018 08:00";"68,32";"68,32";"68,32";"68,32"
"1534917600";"22.08.2018 09:00";"72,2";"72,2";"72,2";"72,2"
"1534921200";"22.08.2018 10:00";"72,14";"72,14";"72,14";"72,14"
"1534924800";"22.08.2018 11:00";"71,71";"71,71";"68,99";"68,99"
"1534928400";"22.08.2018 12:00";"67,89";"67,89";"67,89";"67,89"
"1534932000";"22.08.2018 13:00";"71,7";"71,7";"60,93";"60,93"
"1534935600";"22.08.2018 14:00";"69,01";"69,01";"57,39";"57,39"
"1534939200";"22.08.2018 15:00";"69,08";"69,08";"57,1";"57,1"
"1534942800";"22.08.2018 16:00";"68,17";"68,17";"59,89";"59,89"
"1534946400";"22.08.2018 17:00";"67,05";"67,05";"56,88";"56,88"
"1534950000";"22.08.2018 18:00";"66,98";"66,98";"57,64";"57,64"
"1534953600";"22.08.2018 19:00";"64,7";"64,7";"58,86";"58,86"
"1534957200";"22.08.2018 20:00";"64,96";"64,96";"58,61";"58,61"
"1534960800";"22.08.2018 21:00";"67,84";"67,84";"54,35";"54,35"
"1534964400";"22.08.2018 22:00";"62,63";"62,63";"53,83";"53,83"
"1534968000";"22.08.2018 23:00";"58,25";"58,25";"49,82";"52,78"
"1534971600";"23.08.2018 00:00";"45,1";"45,1";"48,06";"45,1"
"1534975200";"23.08.2018 01:00";"48,38";"48,38";"48,38";"48,38"
"1534978800";"23.08.2018 02:00";"47,31";"47,31";"47,43";"47,31"
"1534982400";"23.08.2018 03:00";"47,29";"47,29";"47,3";"47,29"
"1534986000";"23.08.2018 04:00";"47,09";"47,09";"47,77";"47,09"
"1534989600";"23.08.2018 05:00";"47,13";"47,13";"47,37";"47,13"
"1534993200";"23.08.2018 06:00";"46,69";"46,69";"49,31";"46,69"
"1534996800";"23.08.2018 07:00";"56,71";"56,71";"54,09";"56,71"
"1535000400";"23.08.2018 08:00";"62,44";"62,44";"62,44";"62,44"
"1535004000";"23.08.2018 09:00";"66,42";"66,42";"66,42";"66,42"
"1535007600";"23.08.2018 10:00";"67,85";"67,85";"67,85";"67,85"
"1535011200";"23.08.2018 11:00";"68,45";"68,45";"68,45";"68,45"
"1535014800";"23.08.2018 12:00";"66,1";"66,1";"64,96";"64,96"
"1535018400";"23.08.2018 13:00";"67,83";"67,83";"60,05";"60,05"
"1535022000";"23.08.2018 14:00";"67,8";"67,8";"56,12";"56,12"
"1535025600";"23.08.2018 15:00";"66,08";"66,08";"57,41";"57,41"
"1535029200";"23.08.2018 16:00";"67,42";"67,42";"62,43";"62,43"
"1535032800";"23.08.2018 17:00";"66,68";"66,68";"66,68";"66,68"
"1535036400";"23.08.2018 18:00";"69,91";"69,91";"69,91";"69,91"
"1535040000";"23.08.2018 19:00";"71,11";"71,11";"71,11";"71,11"
"1535043600";"23.08.2018 20:00";"72,2";"72,2";"72,2";"72,2"
"1535047200";"23.08.2018 21:00";"71,24";"71,24";"71,24";"71,24"
"1535050800";"23.08.2018 22:00";"67,85";"67,85";"67,85";"67,85"
"1535054400";"23.08.2018 23:00";"59,86";"59,86";"59,86";"59,86"
"1535058000";"24.08.2018 00:00";"50";"50";"50,31";"50"
"1535061600";"24.08.2018 01:00";"47,43";"47,43";"50,42";"47,43"
"1535065200";"24.08.2018 02:00";"46,91";"46,91";"50,21";"46,91"
"1535068800";"24.08.2018 03:00";"46,56";"46,56";"49,73";"46,56"
"1535072400";"24.08.2018 04:00";"46,59";"46,59";"49,06";"46,59"
"1535076000";"24.08.2018 05:00";"46,52";"46,52";"48,97";"46,52"
"1535079600";"24.08.2018 06:00";"48,08";"48,08";"49,62";"48,08"
"1535083200";"24.08.2018 07:00";"54,71";"54,71";"53,18";"54,71"
"1535086800";"24.08.2018 08:00";"60,33";"60,33";"60,33";"60,33"
"1535090400";"24.08.2018 09:00";"65,24";"65,24";"64,98";"64,98"
"1535094000";"24.08.2018 10:00";"66,03";"66,03";"62,96";"62,96"
"1535097600";"24.08.2018 11:00";"67,87";"67,87";"57,89";"57,89"
"1535101200";"24.08.2018 12:00";"68,05";"68,05";"54,87";"54,87"
"1535104800";"24.08.2018 13:00";"68,04";"68,04";"52,51";"52,51"
"1535108400";"24.08.2018 14:00";"67,87";"67,87";"51,8";"51,8"
"1535112000";"24.08.2018 15:00";"67,81";"67,81";"50,63";"50,63"
"1535115600";"24.08.2018 16:00";"67,16";"67,16";"49,45";"49,45"
"1535119200";"24.08.2018 17:00";"65,27";"65,27";"49,35";"49,35"
"1535122800";"24.08.2018 18:00";"63,16";"63,16";"50,15";"50,15"
"1535126400";"24.08.2018 19:00";"60,67";"60,67";"52,53";"52,53"
"1535130000";"24.08.2018 20:00";"63,1";"63,1";"53,53";"53,53"
"1535133600";"24.08.2018 21:00";"63,16";"63,16";"52,85";"52,85"
"1535137200";"24.08.2018 22:00";"63,15";"63,15";"52,87";"52,87"
"1535140800";"24.08.2018 23:00";"50,27";"50,27";"50,27";"50,27"
"1535144400";"25.08.2018 00:00";"49,5";"49,5";"49,5";"49,5"
"1535148000";"25.08.2018 01:00";"50,21";"50,21";"50,21";"50,21"
"1535151600";"25.08.2018 02:00";"49,55";"49,55";"49,55";"49,55"
"1535155200";"25.08.2018 03:00";"49,1";"49,1";"49,1";"49,1"
"1535158800";"25.08.2018 04:00";"49,28";"49,28";"49,28";"49,28"
"1535162400";"25.08.2018 05:00";"49,23";"49,23";"49,23";"49,23"
"1535166000";"25.08.2018 06:00";"49,38";"49,38";"49,38";"49,38"
"1535169600";"25.08.2018 07:00";"49,64";"49,64";"49,64";"49,64"
"1535173200";"25.08.2018 08:00";"55,07";"55,07";"51,09";"51,09"
"1535176800";"25.08.2018 09:00";"60,62";"60,62";"54,62";"54,62"
"1535180400";"25.08.2018 10:00";"68,59";"68,59";"55,2";"55,2"
"1535184000";"25.08.2018 11:00";"68,59";"68,59";"54,16";"54,16"
"1535187600";"25.08.2018 12:00";"69,86";"69,86";"51,76";"51,76"
"1535191200";"25.08.2018 13:00";"71";"71";"50,34";"50,34"
"1535194800";"25.08.2018 14:00";"68,58";"68,58";"49,79";"49,79"
"1535198400";"25.08.2018 15:00";"66,03";"66,03";"49,61";"49,61"
"1535202000";"25.08.2018 16:00";"66,31";"66,31";"49,62";"49,62"
"1535205600";"25.08.2018 17:00";"55,99";"55,99";"50,3";"50,3"
"1535209200";"25.08.2018 18:00";"55,72";"55,72";"52,2";"52,2"
"1535212800";"25.08.2018 19:00";"59,74";"59,74";"55,37";"55,37"
"1535216400";"25.08.2018 20:00";"60,57";"60,57";"57,05";"57,05"
"1535220000";"25.08.2018 21:00";"67,11";"67,11";"55,93";"55,93"
"1535223600";"25.08.2018 22:00";"60,62";"60,62";"55,65";"55,65"
"1535227200";"25.08.2018 23:00";"53,12";"53,12";"53,12";"53,12"
"1535230800";"26.08.2018 00:00";"49,88";"49,88";"49,88";"49,88"
"1535234400";"26.08.2018 01:00";"50,02";"50,02";"50,02";"50,02"
"1535238000";"26.08.2018 02:00";"49,49";"49,06";"49,49";"49,49"
"1535241600";"26.08.2018 03:00";"48,89";"47,09";"48,89";"48,89"
"1535245200";"26.08.2018 04:00";"48,56";"47";"48,56";"48,56"
"1535248800";"26.08.2018 05:00";"48,45";"46,6";"48,45";"48,45"
"1535252400";"26.08.2018 06:00";"48,24";"46,52";"48,24";"48,24"
"1535256000";"26.08.2018 07:00";"48,39";"46,54";"48,39";"48,39"
"1535259600";"26.08.2018 08:00";"49,25";"49,25";"49,25";"49,25"
"1535263200";"26.08.2018 09:00";"50,26";"50,26";"50,26";"50,26"
"1535266800";"26.08.2018 10:00";"52,39";"52,39";"52,39";"52,39"
"1535270400";"26.08.2018 11:00";"54,43";"54,43";"54,43";"54,43"
"1535274000";"26.08.2018 12:00";"60,04";"60,04";"54,77";"54,77"
"1535277600";"26.08.2018 13:00";"54,89";"54,89";"53,38";"53,38"
"1535281200";"26.08.2018 14:00";"54,2";"54,2";"52,69";"52,69"
"1535284800";"26.08.2018 15:00";"52,1";"52,1";"52,1";"52,1"
"1535288400";"26.08.2018 16:00";"50,29";"50,29";"50,29";"50,29"
"1535292000";"26.08.2018 17:00";"50,46";"50,46";"50,46";"50,46"
"1535295600";"26.08.2018 18:00";"52,02";"52,02";"52,02";"52,02"
"1535299200";"26.08.2018 19:00";"58,36";"58,36";"58,36";"58,36"
"1535302800";"26.08.2018 20:00";"58,82";"58,82";"58,82";"58,82"
"1535306400";"26.08.2018 21:00";"68,07";"68,07";"59,91";"59,91"
"1535310000";"26.08.2018 22:00";"65,35";"65,35";"59,14";"59,14"
"1535313600";"26.08.2018 23:00";"53,61";"53,61";"53,61";"53,61"
"1535317200";"27.08.2018 00:00";"50,15";"49,8";"50,15";"50,15"
"1535320800";"27.08.2018 01:00";"50";"46,66";"50";"50"
"1535324400";"27.08.2018 02:00";"48,67";"46";"48,67";"48,67"
"1535328000";"27.08.2018 03:00";"47,22";"45,01";"47,22";"47,22"
"1535331600";"27.08.2018 04:00";"45,07";"45,02";"45,07";"45,07"
"1535335200";"27.08.2018 05:00";"45,08";"45,08";"45,08";"45,08"
"1535338800";"27.08.2018 06:00";"46,58";"46,58";"48,82";"46,58"
"1535342400";"27.08.2018 07:00";"54,07";"54,07";"51,83";"54,07"
"1535346000";"27.08.2018 08:00";"62,1";"62,1";"54,95";"54,95"
"1535349600";"27.08.2018 09:00";"67,79";"67,79";"61,16";"61,16"
"1535353200";"27.08.2018 10:00";"71,02";"71,02";"60,58";"60,58"
"1535356800";"27.08.2018 11:00";"71";"71";"60,3";"60,3"
"1535360400";"27.08.2018 12:00";"70,21";"70,21";"60,93";"60,93"
"1535364000";"27.08.2018 13:00";"71";"71";"61,37";"61,37"
"1535367600";"27.08.2018 14:00";"71,02";"71,02";"59,32";"59,32"
"1535371200";"27.08.2018 15:00";"68,68";"68,68";"57,04";"57,04"
"1535374800";"27.08.2018 16:00";"68,08";"68,08";"55,46";"55,46"
"1535378400";"27.08.2018 17:00";"66,5";"66,5";"54,05";"54,05"
"1535382000";"27.08.2018 18:00";"66,09";"66,09";"54,1";"54,1"
"1535385600";"27.08.2018 19:00";"66,45";"66,45";"57,58";"57,58"
"1535389200";"27.08.2018 20:00";"67,77";"67,77";"62,18";"62,18"
"1535392800";"27.08.2018 21:00";"68,08";"68,08";"60,96";"60,96"
"1535396400";"27.08.2018 22:00";"62,59";"62,59";"59,43";"62,59"
"1535400000";"27.08.2018 23:00";"49,72";"49,72";"52,89";"49,72"
"1535403600";"28.08.2018 00:00";"50,14";"50,14";"50,14";"50,14"
"1535407200";"28.08.2018 01:00";"48,71";"48,71";"52,75";"48,71"
"1535410800";"28.08.2018 02:00";"46,04";"46,04";"52,04";"46,04"
"1535414400";"28.08.2018 03:00";"45,8";"45,8";"52,51";"45,8"
"1535418000";"28.08.2018 04:00";"45,93";"45,93";"52,47";"45,93"
"1535421600";"28.08.2018 05:00";"46,07";"46,07";"52,33";"46,07"
"1535425200";"28.08.2018 06:00";"53,55";"47,7";"53,55";"53,55"
"1535428800";"28.08.2018 07:00";"62,7";"62,7";"62,7";"62,7"
"1535432400";"28.08.2018 08:00";"69,73";"69,73";"69,73";"69,73"
"1535436000";"28.08.2018 09:00";"72,18";"72,18";"72,18";"72,18"
"1535439600";"28.08.2018 10:00";"72,24";"72,24";"72,24";"72,24"
"1535443200";"28.08.2018 11:00";"70,53";"70,53";"70,53";"70,53"
"1535446800";"28.08.2018 12:00";"69,95";"69,95";"69,95";"69,95"
"1535450400";"28.08.2018 13:00";"68,6";"68,6";"66,2";"66,2"
"1535454000";"28.08.2018 14:00";"68,65";"68,65";"68,65";"68,65"
"1535457600";"28.08.2018 15:00";"67,1";"67,1";"67,1";"67,1"
"1535461200";"28.08.2018 16:00";"68,16";"68,16";"68,16";"68,16"
"1535464800";"28.08.2018 17:00";"68,74";"68,74";"68,74";"68,74"
"1535468400";"28.08.2018 18:00";"71,95";"71,95";"71,95";"71,95"
"1535472000";"28.08.2018 19:00";"73,17";"73,17";"73,17";"73,17"
"1535475600";"28.08.2018 20:00";"75,04";"75,04";"79,52";"79,52"
"1535479200";"28.08.2018 21:00";"73,59";"73,59";"73,59";"73,59"
"1535482800";"28.08.2018 22:00";"72,76";"72,76";"72,76";"72,76"
"1535486400";"28.08.2018 23:00";"64,96";"64,96";"64,96";"64,96"
"1535490000";"29.08.2018 00:00";"50,09";"50,09";"57,4";"50,09"
"1535493600";"29.08.2018 01:00";"56,16";"56,16";"56,16";"56,16"
"1535497200";"29.08.2018 02:00";"54,11";"54,11";"54,11";"54,11"
"1535500800";"29.08.2018 03:00";"52,86";"52,86";"53,05";"52,86"
"1535504400";"29.08.2018 04:00";"52,4";"52,4";"52,4";"52,4"
"1535508000";"29.08.2018 05:00";"52,51";"52,51";"52,51";"52,51"
"1535511600";"29.08.2018 06:00";"54,44";"54,44";"54,44";"54,44"
"1535515200";"29.08.2018 07:00";"65,08";"65,08";"65,08";"65,08"
"1535518800";"29.08.2018 08:00";"71,58";"71,58";"71,58";"71,58"
"1535522400";"29.08.2018 09:00";"73,66";"73,66";"73,66";"73,66"
"1535526000";"29.08.2018 10:00";"73,06";"73,06";"73,06";"73,06"
"1535529600";"29.08.2018 11:00";"71,1";"71,1";"71,1";"71,1"
"1535533200";"29.08.2018 12:00";"71,03";"71,03";"71,03";"71,03"
"1535536800";"29.08.2018 13:00";"68,89";"68,89";"67,91";"67,91"
"1535540400";"29.08.2018 14:00";"68,83";"68,83";"64,99";"64,99"
"1535544000";"29.08.2018 15:00";"68,85";"68,85";"64,94";"64,94"
"1535547600";"29.08.2018 16:00";"68,81";"68,81";"68,81";"68,81"
"1535551200";"29.08.2018 17:00";"70,07";"70,07";"70,07";"70,07"
"1535554800";"29.08.2018 18:00";"71,02";"71,02";"71,02";"71,02"
"1535558400";"29.08.2018 19:00";"71,02";"71,02";"71,02";"71,02"
"1535562000";"29.08.2018 20:00";"71,03";"71,03";"71,03";"71,03"
"1535565600";"29.08.2018 21:00";"66,6";"66,6";"66,6";"66,6"
"1535569200";"29.08.2018 22:00";"61,62";"61,62";"61,62";"61,62"
"1535572800";"29.08.2018 23:00";"53,93";"53,93";"53,93";"53,93"
"1535576400";"30.08.2018 00:00";"49,91";"49,91";"52,25";"49,91"
"1535580000";"30.08.2018 01:00";"51,78";"51,78";"51,78";"51,78"
"1535583600";"30.08.2018 02:00";"50,24";"50,24";"50,3";"50,24"
"1535587200";"30.08.2018 03:00";"48,59";"48,59";"49,84";"48,59"
"1535590800";"30.08.2018 04:00";"48,55";"48,55";"49,61";"48,55"
"1535594400";"30.08.2018 05:00";"49,98";"49,98";"50";"49,98"
"1535598000";"30.08.2018 06:00";"52,56";"52,56";"52,56";"52,56"
"1535601600";"30.08.2018 07:00";"56,47";"56,47";"56,47";"56,47"
"1535605200";"30.08.2018 08:00";"66,14";"66,14";"66,14";"66,14"
"1535608800";"30.08.2018 09:00";"70,89";"70,89";"70,89";"70,89"
"1535612400";"30.08.2018 10:00";"72,35";"72,35";"72,35";"72,35"
"1535616000";"30.08.2018 11:00";"74,08";"74,08";"74,08";"74,08"
"1535619600";"30.08.2018 12:00";"76,12";"76,12";"76,12";"76,12"
"1535623200";"30.08.2018 13:00";"76,29";"76,29";"76,29";"76,29"
"1535626800";"30.08.2018 14:00";"76,82";"76,82";"76,82";"76,82"
"1535630400";"30.08.2018 15:00";"74,16";"74,16";"74,16";"74,16"
"1535634000";"30.08.2018 16:00";"70,36";"70,36";"70,36";"70,36"
"1535637600";"30.08.2018 17:00";"66,22";"66,22";"66,22";"66,22"
"1535641200";"30.08.2018 18:00";"66,12";"66,12";"63,2";"63,2"
"1535644800";"30.08.2018 19:00";"65,49";"65,49";"65,49";"65,49"
"1535648400";"30.08.2018 20:00";"68,31";"68,31";"68,31";"68,31"
"1535652000";"30.08.2018 21:00";"69,77";"69,77";"69,77";"69,77"
"1535655600";"30.08.2018 22:00";"63,7";"63,7";"63,7";"63,7"
"1535659200";"30.08.2018 23:00";"56,16";"56,16";"56,16";"56,16"
"1535662800";"31.08.2018 00:00";"51,39";"51,39";"53,92";"51,39"
"1535666400";"31.08.2018 01:00";"53";"53";"53,87";"53,87"
"1535670000";"31.08.2018 02:00";"51,48";"51,48";"52,8";"52,8"
"1535673600";"31.08.2018 03:00";"50,14";"50,14";"52,66";"52,66"
"1535677200";"31.08.2018 04:00";"50,14";"50,14";"53,04";"53,04"
"1535680800";"31.08.2018 05:00";"53,43";"53,43";"53,43";"53,43"
"1535684400";"31.08.2018 06:00";"55,41";"55,41";"55,41";"55,41"
"1535688000";"31.08.2018 07:00";"58,94";"58,94";"58,94";"58,94"
"1535691600";"31.08.2018 08:00";"68,05";"68,05";"68,05";"68,05"
"1535695200";"31.08.2018 09:00";"71,56";"71,56";"71,56";"71,56"
"1535698800";"31.08.2018 10:00";"71,79";"71,79";"71,79";"71,79"
"1535702400";"31.08.2018 11:00";"71,19";"71,19";"71,19";"71,19"
"1535706000";"31.08.2018 12:00";"71,06";"71,06";"71,06";"71,06"
"1535709600";"31.08.2018 13:00";"69,09";"69,09";"69,09";"69,09"
"1535713200";"31.08.2018 14:00";"67,25";"67,25";"67,25";"67,25"
"1535716800";"31.08.2018 15:00";"66,77";"66,77";"66,77";"66,77"
"1535720400";"31.08.2018 16:00";"65,6";"65,6";"65,6";"65,6"
"1535724000";"31.08.2018 17:00";"66,7";"66,7";"66,7";"66,7"
"1535727600";"31.08.2018 18:00";"68,39";"68,39";"68,39";"68,39"
"1535731200";"31.08.2018 19:00";"67,99";"67,99";"67,99";"67,99"
"1535734800";"31.08.2018 20:00";"68,02";"68,02";"68,02";"68,02"
"1535738400";"31.08.2018 21:00";"68,54";"68,54";"68,54";"68,54"
"1535742000";"31.08.2018 22:00";"66,37";"66,37";"66,37";"66,37"
"1535745600";"31.08.2018 23:00";"60,72";"60,72";"60,72";"60,72"
"1535749200";"01.09.2018 00:00";"56,88";"56,88";"56,88";"56,88"
"1535752800";"01.09.2018 01:00";"57,58";"57,58";"57,58";"57,58"
"1535756400";"01.09.2018 02:00";"55,99";"55,99";"55,99";"55,99"
"1535760000";"01.09.2018 03:00";"55,32";"55,32";"55,32";"55,32"
"1535763600";"01.09.2018 04:00";"54,26";"54,26";"54,26";"54,26"
"1535767200";"01.09.2018 05:00";"53,99";"53,99";"53,99";"53,99"
"1535770800";"01.09.2018 06:00";"54,08";"54,08";"54,08";"54,08"
"1535774400";"01.09.2018 07:00";"55,69";"55,69";"55,69";"55,69"
"1535778000";"01.09.2018 08:00";"57,2";"57,2";"57,2";"57,2"
"1535781600";"01.09.2018 09:00";"60,91";"60,91";"60,91";"60,91"
"1535785200";"01.09.2018 10:00";"66,18";"66,18";"64,9";"64,9"
"1535788800";"01.09.2018 11:00";"67,48";"67,48";"64,68";"64,68"
"1535792400";"01.09.2018 12:00";"67,94";"67,94";"64,86";"64,86"
"1535796000";"01.09.2018 13:00";"67,93";"67,93";"61,98";"61,98"
"1535799600";"01.09.2018 14:00";"67,04";"67,04";"57,72";"57,72"
"1535803200";"01.09.2018 15:00";"57,65";"57,65";"57,15";"57,15"
"1535806800";"01.09.2018 16:00";"56,93";"56,93";"56,93";"56,93"
"1535810400";"01.09.2018 17:00";"57,43";"57,43";"57,43";"57,43"
"1535814000";"01.09.2018 18:00";"61,05";"61,05";"61";"61"
"1535817600";"01.09.2018 19:00";"64,99";"64,99";"64,99";"64,99"
"1535821200";"01.09.2018 20:00";"64,91";"64,91";"64,91";"64,91"
"1535824800";"01.09.2018 21:00";"66,88";"66,88";"66,88";"66,88"
"1535828400";"01.09.2018 22:00";"62,37";"62,37";"62,37";"62,37"
"1535832000";"01.09.2018 23:00";"57,24";"57,24";"57,24";"57,24"
"1535835600";"02.09.2018 00:00";"55,41";"55,41";"55,41";"55,41"
"1535839200";"02.09.2018 01:00";"56,14";"53,41";"56,14";"56,14"
"1535842800";"02.09.2018 02:00";"55,01";"50,12";"55,01";"55,01"
"1535846400";"02.09.2018 03:00";"54,07";"50,03";"54,07";"54,07"
"1535850000";"02.09.2018 04:00";"53,74";"50,03";"53,74";"53,74"
"1535853600";"02.09.2018 05:00";"53,78";"50,06";"53,78";"53,78"
"1535857200";"02.09.2018 06:00";"53,77";"53,77";"53,77";"53,77"
"1535860800";"02.09.2018 07:00";"54,07";"54,07";"54,07";"54,07"
"1535864400";"02.09.2018 08:00";"54,8";"54,8";"54,8";"54,8"
"1535868000";"02.09.2018 09:00";"56,23";"56,23";"56,23";"56,23"
"1535871600";"02.09.2018 10:00";"58,05";"58,05";"58,05";"58,05"
"1535875200";"02.09.2018 11:00";"58,34";"58,34";"58,34";"58,34"
"1535878800";"02.09.2018 12:00";"58,13";"58,13";"58,13";"58,13"
"1535882400";"02.09.2018 13:00";"57,88";"57,88";"57,88";"57,88"
"1535886000";"02.09.2018 14:00";"56,48";"56,48";"56,48";"56,48"
"1535889600";"02.09.2018 15:00";"55,89";"55,89";"55,89";"55,89"
"1535893200";"02.09.2018 16:00";"55,86";"55,86";"55,86";"55,86"
"1535896800";"02.09.2018 17:00";"56,69";"56,69";"56,69";"56,69"
"1535900400";"02.09.2018 18:00";"57,62";"57,62";"57,62";"57,62"
"1535904000";"02.09.2018 19:00";"59,22";"59,22";"59,22";"59,22"
"1535907600";"02.09.2018 20:00";"61,81";"61,81";"61,81";"61,81"
"1535911200";"02.09.2018 21:00";"62,77";"62,77";"62,77";"62,77"
"1535914800";"02.09.2018 22:00";"59,65";"59,65";"59,65";"59,65"
"1535918400";"02.09.2018 23:00";"56,04";"55,76";"56,04";"56,04"
"1535922000";"03.09.2018 00:00";"53,86";"48,07";"53,86";"53,86"
"1535925600";"03.09.2018 01:00";"45,79";"45,79";"53,29";"45,79"
"1535929200";"03.09.2018 02:00";"45,24";"45,24";"52,94";"45,24"
"1535932800";"03.09.2018 03:00";"45,19";"45,19";"52,53";"45,19"
"1535936400";"03.09.2018 04:00";"45,58";"45,58";"52,23";"45,58"
"1535940000";"03.09.2018 05:00";"52,35";"52,35";"52,35";"52,35"
"1535943600";"03.09.2018 06:00";"56,11";"56,11";"56,11";"56,11"
"1535947200";"03.09.2018 07:00";"60,25";"60,25";"60,25";"60,25"
"1535950800";"03.09.2018 08:00";"69,05";"69,05";"69,05";"69,05"
"1535954400";"03.09.2018 09:00";"71,79";"71,79";"71,79";"71,79"
"1535958000";"03.09.2018 10:00";"72,02";"72,02";"72,02";"72,02"
"1535961600";"03.09.2018 11:00";"71,75";"71,75";"71,75";"71,75"
"1535965200";"03.09.2018 12:00";"71,83";"71,83";"71,83";"71,83"
"1535968800";"03.09.2018 13:00";"71,12";"71,12";"71,12";"71,12"
"1535972400";"03.09.2018 14:00";"68,63";"68,63";"68,63";"68,63"
"1535976000";"03.09.2018 15:00";"67,91";"67,91";"67,05";"67,05"
"1535979600";"03.09.2018 16:00";"67,95";"67,95";"64,97";"64,97"
"1535983200";"03.09.2018 17:00";"68";"68";"66,96";"66,96"
"1535986800";"03.09.2018 18:00";"67,99";"67,99";"65,99";"65,99"
"1535990400";"03.09.2018 19:00";"67,93";"67,93";"67,01";"67,01"
"1535994000";"03.09.2018 20:00";"67,97";"67,97";"67,24";"67,24"
"1535997600";"03.09.2018 21:00";"65,94";"65,94";"65,94";"65,94"
"1536001200";"03.09.2018 22:00";"61,06";"61,06";"61,06";"61,06"
"1536004800";"03.09.2018 23:00";"57,04";"57,04";"57,04";"57,04"
"1536008400";"04.09.2018 00:00";"51,65";"51,65";"53,8";"51,65"
"1536012000";"04.09.2018 01:00";"51,42";"51,42";"54,77";"51,42"
"1536015600";"04.09.2018 02:00";"50,79";"50,79";"54,09";"50,79"
"1536019200";"04.09.2018 03:00";"50,79";"50,79";"53,29";"50,79"
"1536022800";"04.09.2018 04:00";"50,87";"50,87";"52,94";"50,87"
"1536026400";"04.09.2018 05:00";"51,63";"51,63";"53,2";"51,63"
"1536030000";"04.09.2018 06:00";"56,3";"56,3";"56,3";"56,3"
"1536033600";"04.09.2018 07:00";"64,67";"64,67";"64,67";"64,67"
"1536037200";"04.09.2018 08:00";"70,2";"70,2";"70,2";"70,2"
"1536040800";"04.09.2018 09:00";"74,47";"74,47";"74,47";"74,47"
"1536044400";"04.09.2018 10:00";"74,02";"74,02";"74,02";"74,02"
"1536048000";"04.09.2018 11:00";"73,92";"73,92";"73,92";"73,92"
"1536051600";"04.09.2018 12:00";"73,46";"73,46";"73,46";"73,46"
"1536055200";"04.09.2018 13:00";"71,06";"71,06";"71,06";"71,06"
"1536058800";"04.09.2018 14:00";"70,25";"70,25";"69,02";"69,02"
"1536062400";"04.09.2018 15:00";"68,81";"68,81";"68,81";"68,81"
"1536066000";"04.09.2018 16:00";"68,55";"68,55";"68,55";"68,55"
"1536069600";"04.09.2018 17:00";"70,01";"70,01";"70,01";"70,01"
"1536073200";"04.09.2018 18:00";"69,97";"69,97";"69,97";"69,97"
"1536076800";"04.09.2018 19:00";"69,99";"69,99";"69,99";"69,99"
"1536080400";"04.09.2018 20:00";"71,45";"71,45";"71,45";"71,45"
"1536084000";"04.09.2018 21:00";"73,05";"73,05";"73,05";"73,05"
"1536087600";"04.09.2018 22:00";"65,2";"65,2";"65,2";"65,2"
"1536091200";"04.09.2018 23:00";"60,89";"60,89";"60,89";"60,89"
"1536094800";"05.09.2018 00:00";"56,36";"56,36";"57,06";"56,36"
"1536098400";"05.09.2018 01:00";"55,72";"55,72";"55,72";"55,72"
"1536102000";"05.09.2018 02:00";"52,1";"52,1";"54,47";"54,47"
"1536105600";"05.09.2018 03:00";"52,05";"52,05";"53,56";"53,56"
"1536109200";"05.09.2018 04:00";"52,07";"52,07";"53,38";"53,38"
"1536112800";"05.09.2018 05:00";"54,04";"54,04";"54,04";"54,04"
"1536116400";"05.09.2018 06:00";"57";"57";"57";"57"
"1536120000";"05.09.2018 07:00";"65,87";"65,87";"65,87";"65,87"
"1536123600";"05.09.2018 08:00";"69,96";"69,96";"69,96";"69,96"
"1536127200";"05.09.2018 09:00";"74";"74";"74";"74"
"1536130800";"05.09.2018 10:00";"73,54";"73,54";"73,54";"73,54"
"1536134400";"05.09.2018 11:00";"71,96";"71,96";"71,96";"71,96"
"1536138000";"05.09.2018 12:00";"70,97";"70,97";"70,97";"70,97"
"1536141600";"05.09.2018 13:00";"72,05";"72,05";"66,91";"66,91"
"1536145200";"05.09.2018 14:00";"71,94";"71,94";"64,74";"64,74"
"1536148800";"05.09.2018 15:00";"70,1";"70,1";"64,55";"64,55"
"1536152400";"05.09.2018 16:00";"70,02";"70,02";"67";"67"
"1536156000";"05.09.2018 17:00";"69,98";"69,98";"69,55";"69,55"
"1536159600";"05.09.2018 18:00";"70,82";"70,82";"70,82";"70,82"
"1536163200";"05.09.2018 19:00";"69,46";"69,46";"69,46";"69,46"
"1536166800";"05.09.2018 20:00";"71,99";"71,99";"71,99";"71,99"
"1536170400";"05.09.2018 21:00";"70,07";"70,07";"70,02";"70,02"
"1536174000";"05.09.2018 22:00";"63,9";"63,9";"63,9";"63,9"
"1536177600";"05.09.2018 23:00";"60,32";"60,32";"60,32";"60,32"
"1536181200";"06.09.2018 00:00";"57,43";"57,43";"57,43";"57,43"
"1536184800";"06.09.2018 01:00";"53,99";"53,99";"55,11";"55,11"
"1536188400";"06.09.2018 02:00";"52,37";"52,37";"53,87";"53,87"
"1536192000";"06.09.2018 03:00";"52,63";"52,63";"53,11";"52,63"
"1536195600";"06.09.2018 04:00";"52,1";"52,1";"52,99";"52,1"
"1536199200";"06.09.2018 05:00";"52,18";"52,18";"53,66";"52,18"
"1536202800";"06.09.2018 06:00";"55,01";"55,01";"55,99";"55,01"
"1536206400";"06.09.2018 07:00";"66";"66";"65,03";"66"
"1536210000";"06.09.2018 08:00";"72,01";"72,01";"72,01";"72,01"
"1536213600";"06.09.2018 09:00";"77,78";"77,78";"74,95";"74,95"
"1536217200";"06.09.2018 10:00";"74,89";"74,89";"73,78";"73,78"
"1536220800";"06.09.2018 11:00";"74,81";"74,81";"70,07";"70,07"
"1536224400";"06.09.2018 12:00";"80,42";"80,42";"68,91";"68,91"
"1536228000";"06.09.2018 13:00";"80,47";"86,91";"66,88";"66,88"
"1536231600";"06.09.2018 14:00";"80,43";"80,43";"64,8";"64,8"
"1536235200";"06.09.2018 15:00";"80,41";"80,41";"68,36";"68,36"
"1536238800";"06.09.2018 16:00";"79,79";"79,79";"67,84";"67,84"
"1536242400";"06.09.2018 17:00";"75,61";"75,61";"69,38";"69,38"
"1536246000";"06.09.2018 18:00";"70,06";"70,06";"69,98";"69,98"
"1536249600";"06.09.2018 19:00";"73,38";"73,38";"68,95";"68,95"
"1536253200";"06.09.2018 20:00";"74,87";"74,87";"69,45";"69,45"
"1536256800";"06.09.2018 21:00";"80,41";"80,41";"64,6";"64,6"
"1536260400";"06.09.2018 22:00";"62,12";"62,12";"62,12";"62,12"
"1536264000";"06.09.2018 23:00";"57,51";"57,51";"57,51";"57,51"
"1536267600";"07.09.2018 00:00";"54,65";"54,65";"54,65";"54,65"
"1536271200";"07.09.2018 01:00";"54,57";"54,57";"54,57";"54,57"
"1536274800";"07.09.2018 02:00";"53,69";"53,69";"53,69";"53,69"
"1536278400";"07.09.2018 03:00";"53,38";"53,38";"53,38";"53,38"
"1536282000";"07.09.2018 04:00";"53,37";"53,37";"53,37";"53,37"
"1536285600";"07.09.2018 05:00";"53,66";"53,66";"53,66";"53,66"
"1536289200";"07.09.2018 06:00";"55,37";"55,37";"55,37";"55,37"
"1536292800";"07.09.2018 07:00";"60,78";"60,78";"60,78";"60,78"
"1536296400";"07.09.2018 08:00";"67,67";"67,67";"66,09";"66,09"
"1536300000";"07.09.2018 09:00";"75,24";"75,24";"73,76";"73,76"
"1536303600";"07.09.2018 10:00";"78,87";"78,87";"72,42";"72,42"
"1536307200";"07.09.2018 11:00";"77,51";"77,51";"70,94";"70,94"
"1536310800";"07.09.2018 12:00";"95,04";"95,04";"69,59";"69,59"
"1536314400";"07.09.2018 13:00";"78,86";"98,39";"64,05";"64,05"
"1536318000";"07.09.2018 14:00";"78,89";"78,89";"58,92";"58,92"
"1536321600";"07.09.2018 15:00";"75,16";"75,16";"57,16";"57,16"
"1536325200";"07.09.2018 16:00";"69,99";"69,99";"56,5";"56,5"
"1536328800";"07.09.2018 17:00";"69,92";"69,92";"57,41";"57,41"
"1536332400";"07.09.2018 18:00";"69,91";"69,91";"59,07";"59,07"
"1536336000";"07.09.2018 19:00";"67,7";"67,7";"60,79";"60,79"
"1536339600";"07.09.2018 20:00";"73,81";"73,81";"59,88";"59,88"
"1536343200";"07.09.2018 21:00";"71,05";"71,05";"58,83";"58,83"
"1536346800";"07.09.2018 22:00";"63,25";"63,25";"57,91";"63,25"
"1536350400";"07.09.2018 23:00";"50,12";"50,12";"55,46";"50,12"
"1536354000";"08.09.2018 00:00";"51,09";"51,09";"53,34";"51,09"
"1536357600";"08.09.2018 01:00";"53,97";"53,97";"53,97";"53,97"
"1536361200";"08.09.2018 02:00";"53,64";"53,14";"53,64";"53,64"
"1536364800";"08.09.2018 03:00";"52,76";"52,04";"52,76";"52,76"
"1536368400";"08.09.2018 04:00";"50,99";"50,99";"50,99";"50,99"
"1536372000";"08.09.2018 05:00";"50,39";"50,39";"50,39";"50,39"
"1536375600";"08.09.2018 06:00";"51,02";"51,02";"51,02";"51,02"
"1536379200";"08.09.2018 07:00";"52,08";"52,08";"52,08";"52,08"
"1536382800";"08.09.2018 08:00";"53,47";"53,47";"53,47";"53,47"
"1536386400";"08.09.2018 09:00";"56,75";"56,75";"55,7";"55,7"
"1536390000";"08.09.2018 10:00";"71,29";"71,29";"55,66";"55,66"
"1536393600";"08.09.2018 11:00";"74,3";"74,3";"56,45";"56,45"
"1536397200";"08.09.2018 12:00";"74,33";"74,33";"56,22";"56,22"
"1536400800";"08.09.2018 13:00";"74,33";"74,33";"54,91";"54,91"
"1536404400";"08.09.2018 14:00";"74,32";"74,32";"54,57";"54,57"
"1536408000";"08.09.2018 15:00";"71,07";"71,07";"54,28";"54,28"
"1536411600";"08.09.2018 16:00";"74,32";"74,32";"54,27";"54,27"
"1536415200";"08.09.2018 17:00";"74,32";"74,32";"54,5";"54,5"
"1536418800";"08.09.2018 18:00";"74,33";"74,33";"55,68";"55,68"
"1536422400";"08.09.2018 19:00";"59,11";"59,11";"57,26";"57,26"
"1536426000";"08.09.2018 20:00";"71,08";"71,08";"57,87";"57,87"
"1536429600";"08.09.2018 21:00";"73,56";"73,56";"57,57";"57,57"
"1536433200";"08.09.2018 22:00";"58,01";"58,01";"56,8";"56,8"
"1536436800";"08.09.2018 23:00";"55,39";"55,39";"55,39";"55,39"
"1536440400";"09.09.2018 00:00";"53,65";"53,65";"53,65";"53,65"
"1536444000";"09.09.2018 01:00";"53,57";"50,82";"53,57";"53,57"
"1536447600";"09.09.2018 02:00";"51,22";"46,68";"51,22";"51,22"
"1536451200";"09.09.2018 03:00";"50,63";"46,66";"50,63";"50,63"
"1536454800";"09.09.2018 04:00";"50,6";"46,06";"50,6";"50,6"
"1536458400";"09.09.2018 05:00";"50,62";"46,07";"50,62";"50,62"
"1536462000";"09.09.2018 06:00";"50,48";"46,1";"50,48";"50,48"
"1536465600";"09.09.2018 07:00";"50,55";"50,55";"50,55";"50,55"
"1536469200";"09.09.2018 08:00";"51,74";"51,74";"51,74";"51,74"
"1536472800";"09.09.2018 09:00";"52,96";"52,96";"52,96";"52,96"
"1536476400";"09.09.2018 10:00";"74,9";"74,9";"54,22";"54,22"
"1536480000";"09.09.2018 11:00";"56,61";"56,61";"55,51";"55,51"
"1536483600";"09.09.2018 12:00";"55,33";"55,33";"55,33";"55,33"
"1536487200";"09.09.2018 13:00";"55,03";"55,03";"55,03";"55,03"
"1536490800";"09.09.2018 14:00";"57,41";"57,41";"54,6";"54,6"
"1536494400";"09.09.2018 15:00";"54,82";"54,82";"54,23";"54,23"
"1536498000";"09.09.2018 16:00";"54,01";"54,01";"54,01";"54,01"
"1536501600";"09.09.2018 17:00";"54,14";"54,14";"54,14";"54,14"
"1536505200";"09.09.2018 18:00";"55,75";"55,75";"55,75";"55,75"
"1536508800";"09.09.2018 19:00";"57,3";"57,3";"57,3";"57,3"
"1536512400";"09.09.2018 20:00";"67,04";"67,04";"58,55";"58,55"
"1536516000";"09.09.2018 21:00";"71,08";"71,08";"58,48";"58,48"
"1536519600";"09.09.2018 22:00";"65,29";"65,29";"57,74";"65,29"
"1536523200";"09.09.2018 23:00";"48,26";"48,26";"55,82";"48,26"
"1536526800";"10.09.2018 00:00";"53,11";"52,92";"53,11";"53,11"
"1536530400";"10.09.2018 01:00";"53,47";"51,64";"53,47";"53,47"
"1536534000";"10.09.2018 02:00";"50,9";"49,77";"50,9";"50,9"
"1536537600";"10.09.2018 03:00";"49,52";"48,29";"49,52";"49,52"
"1536541200";"10.09.2018 04:00";"48,06";"48,06";"48,06";"48,06"
"1536544800";"10.09.2018 05:00";"49,1";"49,1";"49,1";"49,1"
"1536548400";"10.09.2018 06:00";"54,01";"54,01";"54,01";"54,01"
"1536552000";"10.09.2018 07:00";"74,94";"74,94";"56,84";"56,84"
"1536555600";"10.09.2018 08:00";"69,01";"69,01";"59,6";"59,6"
"1536559200";"10.09.2018 09:00";"74,92";"74,92";"59,3";"59,3"
"1536562800";"10.09.2018 10:00";"74,94";"74,94";"59,31";"59,31"
"1536566400";"10.09.2018 11:00";"74,94";"74,94";"59,91";"59,91"
"1536570000";"10.09.2018 12:00";"74,92";"74,92";"59,65";"59,65"
"1536573600";"10.09.2018 13:00";"74,95";"74,95";"58,47";"58,47"
"1536577200";"10.09.2018 14:00";"73,07";"73,07";"56,82";"56,82"
"1536580800";"10.09.2018 15:00";"73,01";"73,01";"57,13";"57,13"
"1536584400";"10.09.2018 16:00";"74,98";"74,98";"56,86";"56,86"
"1536588000";"10.09.2018 17:00";"72,08";"72,08";"58,92";"58,92"
"1536591600";"10.09.2018 18:00";"69,33";"69,33";"57,45";"57,45"
"1536595200";"10.09.2018 19:00";"69,07";"69,07";"59,2";"59,2"
"1536598800";"10.09.2018 20:00";"74,97";"74,97";"59,58";"59,58"
"1536602400";"10.09.2018 21:00";"69,09";"69,09";"57,11";"57,11"
"1536606000";"10.09.2018 22:00";"61,01";"61,01";"56,36";"61,01"
"1536609600";"10.09.2018 23:00";"50,69";"50,69";"55,33";"50,69"
"1536613200";"11.09.2018 00:00";"54,13";"54,13";"54,13";"54,13"
"1536616800";"11.09.2018 01:00";"53,4";"53,4";"53,4";"53,4"
"1536620400";"11.09.2018 02:00";"51,28";"51,28";"51,28";"51,28"
"1536624000";"11.09.2018 03:00";"48,59";"48,59";"48,59";"48,59"
"1536627600";"11.09.2018 04:00";"46,9";"46,9";"46,9";"46,9"
"1536631200";"11.09.2018 05:00";"48,06";"48,06";"48,06";"48,06"
"1536634800";"11.09.2018 06:00";"52,65";"52,65";"52,65";"52,65"
"1536638400";"11.09.2018 07:00";"65,01";"65,01";"57,03";"57,03"
"1536642000";"11.09.2018 08:00";"74,93";"74,93";"63,53";"63,53"
"1536645600";"11.09.2018 09:00";"80,01";"80,01";"69,97";"69,97"
"1536649200";"11.09.2018 10:00";"87,09";"87,09";"66,59";"66,59"
"1536652800";"11.09.2018 11:00";"86,26";"86,26";"65,09";"65,09"
"1536656400";"11.09.2018 12:00";"84,68";"84,68";"62,8";"62,8"
"1536660000";"11.09.2018 13:00";"87,01";"87,01";"61,89";"61,89"
"1536663600";"11.09.2018 14:00";"86,27";"86,27";"59,62";"59,62"
"1536667200";"11.09.2018 15:00";"75,53";"75,53";"57,42";"57,42"
"1536670800";"11.09.2018 16:00";"71,27";"71,27";"57,4";"57,4"
"1536674400";"11.09.2018 17:00";"71,04";"71,04";"58,5";"58,5"
"1536678000";"11.09.2018 18:00";"74,91";"74,91";"57,3";"57,3"
"1536681600";"11.09.2018 19:00";"74,91";"74,91";"57,36";"57,36"
"1536685200";"11.09.2018 20:00";"80,92";"80,92";"58,09";"58,09"
"1536688800";"11.09.2018 21:00";"77,72";"77,72";"57,28";"57,28"
"1536692400";"11.09.2018 22:00";"67,03";"67,03";"56,65";"61,32"
"1536696000";"11.09.2018 23:00";"49,69";"49,69";"54,36";"49,69"
"1536699600";"12.09.2018 00:00";"49,1";"49,1";"50,94";"49,1"
"1536703200";"12.09.2018 01:00";"48,32";"48,32";"48,32";"48,32"
"1536706800";"12.09.2018 02:00";"47,14";"47,14";"47,14";"47,14"
"1536710400";"12.09.2018 03:00";"45,97";"45,97";"45,97";"45,97"
"1536714000";"12.09.2018 04:00";"47,15";"47,15";"47,15";"47,15"
"1536717600";"12.09.2018 05:00";"47,73";"47,73";"47,73";"47,73"
"1536721200";"12.09.2018 06:00";"51,15";"51,15";"51,15";"51,15"
"1536724800";"12.09.2018 07:00";"60,86";"60,86";"56,42";"56,42"
"1536728400";"12.09.2018 08:00";"69,06";"69,06";"58,67";"58,67"
"1536732000";"12.09.2018 09:00";"72,12";"72,12";"59,27";"59,27"
"1536735600";"12.09.2018 10:00";"72,43";"72,43";"58,64";"58,64"
"1536739200";"12.09.2018 11:00";"70,22";"70,22";"59,44";"59,44"
"1536742800";"12.09.2018 12:00";"72,86";"72,86";"58,69";"58,69"
"1536746400";"12.09.2018 13:00";"75,62";"75,62";"58,33";"58,33"
"1536750000";"12.09.2018 14:00";"71,87";"71,87";"55,53";"55,53"
"1536753600";"12.09.2018 15:00";"75,61";"75,61";"54,74";"54,74"
"1536757200";"12.09.2018 16:00";"75,64";"75,64";"54,13";"54,13"
"1536760800";"12.09.2018 17:00";"69,68";"69,68";"54,09";"54,09"
"1536764400";"12.09.2018 18:00";"70,11";"70,11";"54,6";"54,6"
"1536768000";"12.09.2018 19:00";"70,2";"70,2";"55,98";"55,98"
"1536771600";"12.09.2018 20:00";"75,67";"75,67";"56,34";"56,34"
"1536775200";"12.09.2018 21:00";"78,1";"78,1";"54,88";"54,88"
"1536778800";"12.09.2018 22:00";"67,25";"67,25";"54,26";"67,25"
"1536782400";"12.09.2018 23:00";"39,08";"39,08";"52,06";"39,08"
"1536786000";"13.09.2018 00:00";"49,55";"49,55";"49,55";"49,55"
"1536789600";"13.09.2018 01:00";"50,53";"50,53";"50,53";"50,53"
"1536793200";"13.09.2018 02:00";"50,12";"50,12";"50,12";"50,12"
"1536796800";"13.09.2018 03:00";"50,12";"50,12";"50,12";"50,12"
"1536800400";"13.09.2018 04:00";"50,65";"50,65";"50,65";"50,65"
"1536804000";"13.09.2018 05:00";"51,81";"51,81";"51,81";"51,81"
"1536807600";"13.09.2018 06:00";"53,62";"53,62";"53,39";"53,39"
"1536811200";"13.09.2018 07:00";"62,88";"62,88";"55,65";"55,65"
"1536814800";"13.09.2018 08:00";"79,38";"79,38";"57,89";"57,89"
"1536818400";"13.09.2018 09:00";"79,85";"79,85";"59,77";"59,77"
"1536822000";"13.09.2018 10:00";"75,58";"75,58";"59,95";"59,95"
"1536825600";"13.09.2018 11:00";"75,56";"75,56";"59,96";"59,96"
"1536829200";"13.09.2018 12:00";"75,54";"75,54";"59,97";"59,97"
"1536832800";"13.09.2018 13:00";"79,81";"79,81";"60,97";"60,97"
"1536836400";"13.09.2018 14:00";"78,42";"78,42";"59,88";"59,88"
"1536840000";"13.09.2018 15:00";"78,49";"78,49";"59,4";"59,4"
"1536843600";"13.09.2018 16:00";"79,85";"79,85";"59,13";"59,13"
"1536847200";"13.09.2018 17:00";"75,57";"75,57";"59,29";"59,29"
"1536850800";"13.09.2018 18:00";"75,55";"75,55";"59,91";"59,91"
"1536854400";"13.09.2018 19:00";"75,87";"75,87";"60,45";"60,45"
"1536858000";"13.09.2018 20:00";"78,45";"78,45";"61,28";"61,28"
"1536861600";"13.09.2018 21:00";"78,46";"78,46";"59,27";"59,27"
"1536865200";"13.09.2018 22:00";"75,54";"75,54";"58,48";"58,48"
"1536868800";"13.09.2018 23:00";"55,89";"55,89";"55,89";"55,89"
"1536872400";"14.09.2018 00:00";"53,65";"53,65";"53,65";"53,65"
"1536876000";"14.09.2018 01:00";"53,24";"53,24";"53,24";"53,24"
"1536879600";"14.09.2018 02:00";"52";"52";"52";"52"
"1536883200";"14.09.2018 03:00";"51,57";"51,57";"51,57";"51,57"
"1536886800";"14.09.2018 04:00";"50,81";"50,81";"50,81";"50,81"
"1536890400";"14.09.2018 05:00";"51,11";"51,11";"51,11";"51,11"
"1536894000";"14.09.2018 06:00";"54,82";"54,82";"54,76";"54,76"
"1536897600";"14.09.2018 07:00";"63,59";"63,59";"62,06";"62,06"
"1536901200";"14.09.2018 08:00";"76,08";"76,08";"61,23";"61,23"
"1536904800";"14.09.2018 09:00";"86,13";"86,13";"65,82";"65,82"
"1536908400";"14.09.2018 10:00";"84,92";"84,92";"66,82";"66,82"
"1536912000";"14.09.2018 11:00";"86,16";"99,69";"67,09";"67,09"
"1536915600";"14.09.2018 12:00";"121,89";"121,89";"63,96";"63,96"
"1536919200";"14.09.2018 13:00";"133,23";"133,23";"61,31";"61,31"
"1536922800";"14.09.2018 14:00";"86,17";"127,4";"57,71";"57,71"
"1536926400";"14.09.2018 15:00";"86,19";"86,19";"57,51";"57,51"
"1536930000";"14.09.2018 16:00";"86,17";"86,17";"56,39";"56,39"
"1536933600";"14.09.2018 17:00";"76,67";"76,67";"58,08";"58,08"
"1536937200";"14.09.2018 18:00";"74,57";"74,57";"59,83";"59,83"
"1536940800";"14.09.2018 19:00";"75,11";"75,11";"61,2";"61,2"
"1536944400";"14.09.2018 20:00";"79,26";"135,99";"61,92";"61,92"
"1536948000";"14.09.2018 21:00";"75,16";"75,16";"57,8";"57,8"
"1536951600";"14.09.2018 22:00";"69,56";"69,56";"55,14";"69,56"
"1536955200";"14.09.2018 23:00";"37,85";"37,85";"52,28";"37,85"
"1536958800";"15.09.2018 00:00";"50,09";"50,09";"50,09";"50,09"
"1536962400";"15.09.2018 01:00";"49,65";"49,65";"49,65";"49,65"
"1536966000";"15.09.2018 02:00";"48,6";"48,6";"48,6";"48,6"
"1536969600";"15.09.2018 03:00";"46,04";"46,04";"46,04";"46,04"
"1536973200";"15.09.2018 04:00";"44,26";"44,26";"44,26";"44,26"
"1536976800";"15.09.2018 05:00";"43,86";"43,86";"43,86";"43,86"
"1536980400";"15.09.2018 06:00";"44,51";"44,51";"44,51";"44,51"
"1536984000";"15.09.2018 07:00";"46,81";"46,81";"46,81";"46,81"
"1536987600";"15.09.2018 08:00";"51,03";"51,03";"48,87";"48,87"
"1536991200";"15.09.2018 09:00";"67,44";"67,44";"50,38";"50,38"
"1536994800";"15.09.2018 10:00";"76,77";"76,77";"52,02";"52,02"
"1536998400";"15.09.2018 11:00";"74,38";"74,38";"51,57";"51,57"
"1537002000";"15.09.2018 12:00";"74,34";"74,34";"51,35";"51,35"
"1537005600";"15.09.2018 13:00";"69,65";"69,65";"50,2";"50,2"
"1537009200";"15.09.2018 14:00";"55,23";"55,23";"48,16";"48,16"
"1537012800";"15.09.2018 15:00";"52,23";"52,23";"47,64";"47,64"
"1537016400";"15.09.2018 16:00";"50,5";"50,5";"47,8";"47,8"
"1537020000";"15.09.2018 17:00";"50,01";"50,01";"48,1";"48,1"
"1537023600";"15.09.2018 18:00";"52,31";"52,31";"50,33";"50,33"
"1537027200";"15.09.2018 19:00";"60,4";"60,4";"52,63";"52,63"
"1537030800";"15.09.2018 20:00";"67,96";"67,96";"52,81";"52,81"
"1537034400";"15.09.2018 21:00";"68,31";"68,31";"52,1";"52,1"
"1537038000";"15.09.2018 22:00";"61,34";"61,34";"51,63";"51,63"
"1537041600";"15.09.2018 23:00";"50,41";"50,41";"50,41";"50,41"
"1537045200";"16.09.2018 00:00";"49,19";"49,19";"49,19";"49,19"
"1537048800";"16.09.2018 01:00";"51,87";"51,87";"51,87";"51,87"
"1537052400";"16.09.2018 02:00";"49,87";"49,87";"49,87";"49,87"
"1537056000";"16.09.2018 03:00";"46,28";"46,28";"46,28";"46,28"
"1537059600";"16.09.2018 04:00";"43,59";"43,59";"43,59";"43,59"
"1537063200";"16.09.2018 05:00";"43,75";"43,75";"43,75";"43,75"
"1537066800";"16.09.2018 06:00";"44,17";"44,17";"44,17";"44,17"
"1537070400";"16.09.2018 07:00";"44,17";"44,17";"44,17";"44,17"
"1537074000";"16.09.2018 08:00";"48,14";"48,14";"48,14";"48,14"
"1537077600";"16.09.2018 09:00";"50,33";"50,33";"50,33";"50,33"
"1537081200";"16.09.2018 10:00";"53,48";"53,48";"53,19";"53,19"
"1537084800";"16.09.2018 11:00";"60,24";"60,24";"54,27";"54,27"
"1537088400";"16.09.2018 12:00";"60,24";"60,24";"54,24";"54,24"
"1537092000";"16.09.2018 13:00";"57,68";"57,68";"53,27";"53,27"
"1537095600";"16.09.2018 14:00";"57,68";"57,68";"52,9";"52,9"
"1537099200";"16.09.2018 15:00";"52,22";"52,22";"52,22";"52,22"
"1537102800";"16.09.2018 16:00";"51,93";"51,93";"51,93";"51,93"
"1537106400";"16.09.2018 17:00";"52,1";"52,1";"52,1";"52,1"
"1537110000";"16.09.2018 18:00";"53,26";"53,26";"53,09";"53,09"
"1537113600";"16.09.2018 19:00";"60,48";"60,48";"57,14";"57,14"
"1537117200";"16.09.2018 20:00";"77,03";"77,03";"57,92";"57,92"
"1537120800";"16.09.2018 21:00";"77,01";"77,01";"55,83";"55,83"
"1537124400";"16.09.2018 22:00";"65,03";"65,03";"52,79";"59,1"
"1537128000";"16.09.2018 23:00";"44,06";"44,06";"50,37";"44,06"
"1537131600";"17.09.2018 00:00";"47,43";"47,43";"47,43";"47,43"
"1537135200";"17.09.2018 01:00";"44,2";"44,2";"44,2";"44,2"
"1537138800";"17.09.2018 02:00";"43,08";"43,08";"43,08";"43,08"
"1537142400";"17.09.2018 03:00";"43,04";"43,04";"43,04";"43,04"
"1537146000";"17.09.2018 04:00";"41,74";"41,74";"41,74";"41,74"
"1537149600";"17.09.2018 05:00";"42,91";"42,91";"42,91";"42,91"
"1537153200";"17.09.2018 06:00";"49,05";"49,05";"49,05";"49,05"
"1537156800";"17.09.2018 07:00";"60,42";"60,42";"60,42";"60,42"
"1537160400";"17.09.2018 08:00";"66,96";"66,96";"66,96";"66,96"
"1537164000";"17.09.2018 09:00";"72,02";"72,02";"72,02";"72,02"
"1537167600";"17.09.2018 10:00";"70,93";"70,93";"70,93";"70,93"
"1537171200";"17.09.2018 11:00";"72,02";"72,02";"70,22";"70,22"
"1537174800";"17.09.2018 12:00";"74,78";"74,78";"61,8";"61,8"
"1537178400";"17.09.2018 13:00";"77,41";"77,41";"59,18";"59,18"
"1537182000";"17.09.2018 14:00";"74,75";"74,75";"55,55";"55,55"
"1537185600";"17.09.2018 15:00";"69,49";"69,49";"55,38";"55,38"
"1537189200";"17.09.2018 16:00";"69,94";"69,94";"57,05";"57,05"
"1537192800";"17.09.2018 17:00";"66,96";"66,96";"65,55";"65,55"
"1537196400";"17.09.2018 18:00";"73,2";"73,2";"63,18";"63,18"
"1537200000";"17.09.2018 19:00";"74,8";"74,8";"66,13";"66,13"
"1537203600";"17.09.2018 20:00";"77,46";"77,46";"69,98";"69,98"
"1537207200";"17.09.2018 21:00";"74,77";"74,77";"59,93";"59,93"
"1537210800";"17.09.2018 22:00";"68,34";"68,34";"57,59";"68,34"
"1537214400";"17.09.2018 23:00";"42,92";"42,92";"53,67";"42,92"
"1537218000";"18.09.2018 00:00";"48,89";"48,89";"48,89";"48,89"
"1537221600";"18.09.2018 01:00";"50";"50";"50";"50"
"1537225200";"18.09.2018 02:00";"48,45";"48,45";"48,45";"48,45"
"1537228800";"18.09.2018 03:00";"45,55";"45,55";"45,55";"45,55"
"1537232400";"18.09.2018 04:00";"45,03";"45,03";"45,03";"45,03"
"1537236000";"18.09.2018 05:00";"45,51";"45,51";"45,51";"45,51"
"1537239600";"18.09.2018 06:00";"49,07";"49,07";"49,07";"49,07"
"1537243200";"18.09.2018 07:00";"57,25";"57,25";"57,25";"57,25"
"1537246800";"18.09.2018 08:00";"71,92";"71,92";"71,92";"71,92"
"1537250400";"18.09.2018 09:00";"74,73";"74,73";"73,96";"73,96"
"1537254000";"18.09.2018 10:00";"77,48";"77,48";"72,99";"72,99"
"1537257600";"18.09.2018 11:00";"77,48";"77,48";"69,47";"69,47"
"1537261200";"18.09.2018 12:00";"77,45";"77,45";"65,26";"65,26"
"1537264800";"18.09.2018 13:00";"77,49";"77,49";"60,17";"60,17"
"1537268400";"18.09.2018 14:00";"77,49";"77,49";"55,44";"55,44"
"1537272000";"18.09.2018 15:00";"77,42";"77,42";"54,96";"54,96"
"1537275600";"18.09.2018 16:00";"75,59";"75,59";"54,3";"54,3"
"1537279200";"18.09.2018 17:00";"71,41";"71,41";"55,68";"55,68"
"1537282800";"18.09.2018 18:00";"67,22";"67,22";"59,15";"59,15"
"1537286400";"18.09.2018 19:00";"74,71";"74,71";"59,72";"59,72"
"1537290000";"18.09.2018 20:00";"77,48";"77,48";"59,99";"59,99"
"1537293600";"18.09.2018 21:00";"74,72";"74,72";"55,09";"55,09"
"1537297200";"18.09.2018 22:00";"58,29";"58,29";"51,87";"51,87"
"1537300800";"18.09.2018 23:00";"48,56";"48,56";"48,56";"48,56"
"1537304400";"19.09.2018 00:00";"44,72";"44,72";"44,72";"44,72"
"1537308000";"19.09.2018 01:00";"44,04";"44,04";"44,04";"44,04"
"1537311600";"19.09.2018 02:00";"41,23";"41,23";"41,23";"41,23"
"1537315200";"19.09.2018 03:00";"41,28";"41,28";"41,28";"41,28"
"1537318800";"19.09.2018 04:00";"41,69";"41,69";"41,69";"41,69"
"1537322400";"19.09.2018 05:00";"42,84";"42,84";"42,84";"42,84"
"1537326000";"19.09.2018 06:00";"46,19";"46,19";"46,19";"46,19"
"1537329600";"19.09.2018 07:00";"59,3";"59,3";"56,2";"56,2"
"1537333200";"19.09.2018 08:00";"75";"75";"56,94";"56,94"
"1537336800";"19.09.2018 09:00";"74,22";"74,22";"58,78";"58,78"
"1537340400";"19.09.2018 10:00";"75,07";"75,07";"58,03";"58,03"
"1537344000";"19.09.2018 11:00";"75,05";"75,05";"55,97";"55,97"
"1537347600";"19.09.2018 12:00";"75,06";"75,06";"55,93";"55,93"
"1537351200";"19.09.2018 13:00";"77,86";"77,86";"54";"54"
"1537354800";"19.09.2018 14:00";"75,1";"75,1";"50,74";"50,74"
"1537358400";"19.09.2018 15:00";"75,08";"75,08";"50,26";"50,26"
"1537362000";"19.09.2018 16:00";"73,06";"73,06";"50,67";"50,67"
"1537365600";"19.09.2018 17:00";"69,94";"69,94";"51,63";"51,63"
"1537369200";"19.09.2018 18:00";"73,48";"73,48";"55,46";"55,46"
"1537372800";"19.09.2018 19:00";"69,01";"69,01";"55,28";"55,28"
"1537376400";"19.09.2018 20:00";"77,84";"77,84";"56,2";"56,2"
"1537380000";"19.09.2018 21:00";"75,05";"75,05";"51,08";"51,08"
"1537383600";"19.09.2018 22:00";"64,12";"64,12";"48,52";"48,52"
"1537387200";"19.09.2018 23:00";"43,12";"43,12";"43,12";"43,12"
"1537390800";"20.09.2018 00:00";"41,09";"41,09";"37,58";"37,58"
"1537394400";"20.09.2018 01:00";"45,7";"45,7";"37,12";"37,12"
"1537398000";"20.09.2018 02:00";"31,16";"31,16";"31,16";"31,16"
"1537401600";"20.09.2018 03:00";"29,58";"29,58";"29,58";"29,58"
"1537405200";"20.09.2018 04:00";"31,76";"31,76";"31,76";"31,76"
"1537408800";"20.09.2018 05:00";"45,69";"45,69";"33,52";"33,52"
"1537412400";"20.09.2018 06:00";"45,95";"45,95";"41,26";"41,26"
"1537416000";"20.09.2018 07:00";"60,01";"60,01";"47,68";"47,68"
"1537419600";"20.09.2018 08:00";"68,14";"68,14";"49,23";"49,23"
"1537423200";"20.09.2018 09:00";"69,6";"69,6";"49,64";"49,64"
"1537426800";"20.09.2018 10:00";"69,66";"69,66";"48,51";"48,51"
"1537430400";"20.09.2018 11:00";"69,08";"69,08";"46,5";"46,5"
"1537434000";"20.09.2018 12:00";"68,39";"68,39";"45,68";"45,68"
"1537437600";"20.09.2018 13:00";"69,62";"69,62";"45";"45"
"1537441200";"20.09.2018 14:00";"68,37";"68,37";"44,71";"44,71"
"1537444800";"20.09.2018 15:00";"68,35";"68,35";"44,5";"44,5"
"1537448400";"20.09.2018 16:00";"68,37";"68,37";"44,89";"44,89"
"1537452000";"20.09.2018 17:00";"69,69";"69,69";"46,04";"46,04"
"1537455600";"20.09.2018 18:00";"69,68";"69,68";"47,12";"47,12"
"1537459200";"20.09.2018 19:00";"69,6";"69,6";"47,61";"47,61"
"1537462800";"20.09.2018 20:00";"69,68";"69,68";"49,1";"49,1"
"1537466400";"20.09.2018 21:00";"68,35";"68,35";"46,96";"46,96"
"1537470000";"20.09.2018 22:00";"67,43";"67,43";"47,12";"50,42"
"1537473600";"20.09.2018 23:00";"40,9";"40,9";"44,21";"40,9"
"1537477200";"21.09.2018 00:00";"41,86";"41,86";"41,86";"41,86"
"1537480800";"21.09.2018 01:00";"41,09";"41,09";"40,02";"40,02"
"1537484400";"21.09.2018 02:00";"34,02";"34,02";"34,02";"34,02"
"1537488000";"21.09.2018 03:00";"25,48";"25,48";"25,48";"25,48"
"1537491600";"21.09.2018 04:00";"25,73";"25,73";"25,73";"25,73"
"1537495200";"21.09.2018 05:00";"26,29";"26,29";"26,29";"26,29"
"1537498800";"21.09.2018 06:00";"44,35";"44,35";"34,05";"34,05"
"1537502400";"21.09.2018 07:00";"58,33";"58,33";"42,85";"42,85"
"1537506000";"21.09.2018 08:00";"69,4";"69,4";"46,68";"46,68"
"1537509600";"21.09.2018 09:00";"70,73";"70,73";"48,89";"48,89"
"1537513200";"21.09.2018 10:00";"70,72";"70,72";"47,01";"47,01"
"1537516800";"21.09.2018 11:00";"69,47";"69,47";"46,93";"46,93"
"1537520400";"21.09.2018 12:00";"68,72";"68,72";"45,34";"45,34"
"1537524000";"21.09.2018 13:00";"68,91";"68,91";"44,98";"44,98"
"1537527600";"21.09.2018 14:00";"67,79";"67,79";"38,13";"38,13"
"1537531200";"21.09.2018 15:00";"62,66";"62,66";"39,43";"39,43"
"1537534800";"21.09.2018 16:00";"61,66";"61,66";"37,37";"37,37"
"1537538400";"21.09.2018 17:00";"59,04";"59,04";"42,08";"42,08"
"1537542000";"21.09.2018 18:00";"58,01";"58,01";"40,07";"40,07"
"1537545600";"21.09.2018 19:00";"57,79";"57,79";"44,91";"44,91"
"1537549200";"21.09.2018 20:00";"62,89";"62,89";"46,94";"46,94"
"1537552800";"21.09.2018 21:00";"60,78";"60,78";"37,98";"37,98"
"1537556400";"21.09.2018 22:00";"34,65";"34,65";"34,65";"34,65"
"1537560000";"21.09.2018 23:00";"22,17";"22,17";"22,17";"22,17"
"1537563600";"22.09.2018 00:00";"2,4";"2,4";"2,4";"2,4"
"1537567200";"22.09.2018 01:00";"20,03";"20,03";"3,98";"3,98"
"1537570800";"22.09.2018 02:00";"20,03";"20,03";"3,06";"3,06"
"1537574400";"22.09.2018 03:00";"20,04";"20,04";"2,42";"2,42"
"1537578000";"22.09.2018 04:00";"20,04";"20,04";"2,33";"2,33"
"1537581600";"22.09.2018 05:00";"20,05";"20,05";"2,82";"2,82"
"1537585200";"22.09.2018 06:00";"20,08";"20,08";"3,52";"3,52"
"1537588800";"22.09.2018 07:00";"44,29";"44,29";"16,43";"16,43"
"1537592400";"22.09.2018 08:00";"45,73";"45,73";"23,53";"23,53"
"1537596000";"22.09.2018 09:00";"52,64";"52,64";"32,04";"32,04"
"1537599600";"22.09.2018 10:00";"58";"58";"31,68";"31,68"
"1537603200";"22.09.2018 11:00";"59,05";"59,05";"31,86";"31,86"
"1537606800";"22.09.2018 12:00";"59,01";"59,01";"31,39";"31,39"
"1537610400";"22.09.2018 13:00";"57,98";"57,98";"28,6";"28,6"
"1537614000";"22.09.2018 14:00";"57,86";"57,86";"23,95";"23,95"
"1537617600";"22.09.2018 15:00";"52,75";"52,75";"23,07";"23,07"
"1537621200";"22.09.2018 16:00";"52,42";"52,42";"22,21";"22,21"
"1537624800";"22.09.2018 17:00";"52,68";"52,68";"23,89";"23,89"
"1537628400";"22.09.2018 18:00";"52,68";"52,68";"31,54";"31,54"
"1537632000";"22.09.2018 19:00";"52,74";"52,74";"36,52";"36,52"
"1537635600";"22.09.2018 20:00";"67,95";"67,95";"37,7";"37,7"
"1537639200";"22.09.2018 21:00";"61,09";"61,09";"35,48";"35,48"
"1537642800";"22.09.2018 22:00";"31,96";"31,96";"31,96";"31,96"
"1537646400";"22.09.2018 23:00";"25,94";"25,94";"25,94";"25,94"
"1537650000";"23.09.2018 00:00";"21,04";"21,04";"21,04";"21,04"
"1537653600";"23.09.2018 01:00";"22,09";"22,09";"22,09";"22,09"
"1537657200";"23.09.2018 02:00";"12,97";"12,97";"12,97";"12,97"
"1537660800";"23.09.2018 03:00";"10,03";"10,03";"10,03";"10,03"
"1537664400";"23.09.2018 04:00";"17";"17";"17";"17"
"1537668000";"23.09.2018 05:00";"22,8";"22,8";"22,8";"22,8"
"1537671600";"23.09.2018 06:00";"30,84";"30,84";"30,84";"30,84"
"1537675200";"23.09.2018 07:00";"34,94";"34,94";"34,94";"34,94"
"1537678800";"23.09.2018 08:00";"36,08";"36,08";"36,08";"36,08"
"1537682400";"23.09.2018 09:00";"42,05";"42,05";"42,05";"42,05"
"1537686000";"23.09.2018 10:00";"52,91";"52,91";"43,71";"43,71"
"1537689600";"23.09.2018 11:00";"53,33";"53,33";"44,41";"44,41"
"1537693200";"23.09.2018 12:00";"53,04";"53,04";"44,32";"44,32"
"1537696800";"23.09.2018 13:00";"52,98";"52,98";"43,83";"43,83"
"1537700400";"23.09.2018 14:00";"47,99";"47,99";"43,69";"43,69"
"1537704000";"23.09.2018 15:00";"46,95";"46,95";"43,57";"43,57"
"1537707600";"23.09.2018 16:00";"46,94";"46,94";"42,76";"42,76"
"1537711200";"23.09.2018 17:00";"51,07";"51,07";"43,02";"43,02"
"1537714800";"23.09.2018 18:00";"52,92";"52,92";"43,85";"43,85"
"1537718400";"23.09.2018 19:00";"61,03";"61,03";"46,84";"46,84"
"1537722000";"23.09.2018 20:00";"69,89";"69,89";"48,21";"48,21"
"1537725600";"23.09.2018 21:00";"69,82";"69,82";"46,88";"46,88"
"1537729200";"23.09.2018 22:00";"57,92";"57,92";"44,01";"44,01"
"1537732800";"23.09.2018 23:00";"46,7";"46,7";"42,47";"42,47"
"1537736400";"24.09.2018 00:00";"46,05";"46,05";"36,94";"36,94"
"1537740000";"24.09.2018 01:00";"25,53";"25,53";"25,53";"25,53"
"1537743600";"24.09.2018 02:00";"18,13";"18,13";"18,13";"18,13"
"1537747200";"24.09.2018 03:00";"3,97";"3,97";"3,97";"3,97"
"1537750800";"24.09.2018 04:00";"4,4";"4,4";"4,4";"4,4"
"1537754400";"24.09.2018 05:00";"19,69";"19,69";"19,69";"19,69"
"1537758000";"24.09.2018 06:00";"37,02";"37,02";"37,02";"37,02"
"1537761600";"24.09.2018 07:00";"58,01";"58,01";"58,01";"58,01"
"1537765200";"24.09.2018 08:00";"64,62";"64,62";"64,62";"64,62"
"1537768800";"24.09.2018 09:00";"70,41";"70,41";"67,91";"67,91"
"1537772400";"24.09.2018 10:00";"66";"66";"66";"66"
"1537776000";"24.09.2018 11:00";"63,09";"63,09";"63,09";"63,09"
"1537779600";"24.09.2018 12:00";"63,01";"63,01";"60,95";"60,95"
"1537783200";"24.09.2018 13:00";"62,36";"62,36";"57,83";"57,83"
"1537786800";"24.09.2018 14:00";"59,7";"59,7";"46,6";"46,6"
"1537790400";"24.09.2018 15:00";"58,02";"58,02";"45,1";"45,1"
"1537794000";"24.09.2018 16:00";"56,1";"56,1";"45,09";"45,09"
"1537797600";"24.09.2018 17:00";"54,47";"54,47";"52,56";"52,56"
"1537801200";"24.09.2018 18:00";"54,37";"54,37";"54";"54"
"1537804800";"24.09.2018 19:00";"59,46";"59,46";"58,06";"58,06"
"1537808400";"24.09.2018 20:00";"70,47";"70,47";"57,47";"57,47"
"1537812000";"24.09.2018 21:00";"64,06";"64,06";"48,63";"48,63"
"1537815600";"24.09.2018 22:00";"58,05";"58,05";"46,09";"57,18"
"1537819200";"24.09.2018 23:00";"31,69";"31,69";"42,77";"31,69"
"1537822800";"25.09.2018 00:00";"39,22";"39,22";"39,22";"39,22"
"1537826400";"25.09.2018 01:00";"37,96";"37,96";"37,96";"37,96"
"1537830000";"25.09.2018 02:00";"38,06";"38,06";"38,06";"38,06"
"1537833600";"25.09.2018 03:00";"38,13";"38,13";"38,13";"38,13"
"1537837200";"25.09.2018 04:00";"38,64";"38,64";"38,64";"38,64"
"1537840800";"25.09.2018 05:00";"39,22";"39,22";"39,22";"39,22"
"1537844400";"25.09.2018 06:00";"45,19";"45,19";"45,19";"45,19"
"1537848000";"25.09.2018 07:00";"59,91";"59,91";"53,53";"53,53"
"1537851600";"25.09.2018 08:00";"63,08";"63,08";"62,86";"62,86"
"1537855200";"25.09.2018 09:00";"70,49";"70,49";"70,49";"70,49"
"1537858800";"25.09.2018 10:00";"70,05";"70,05";"66,96";"66,96"
"1537862400";"25.09.2018 11:00";"67,45";"67,45";"64,97";"64,97"
"1537866000";"25.09.2018 12:00";"68,06";"68,06";"60,99";"60,99"
"1537869600";"25.09.2018 13:00";"66,05";"66,05";"56,26";"56,26"
"1537873200";"25.09.2018 14:00";"67,99";"67,99";"49,32";"49,32"
"1537876800";"25.09.2018 15:00";"63,43";"63,43";"47,05";"47,05"
"1537880400";"25.09.2018 16:00";"68,44";"68,44";"46,9";"46,9"
"1537884000";"25.09.2018 17:00";"63,19";"63,19";"48,01";"48,01"
"1537887600";"25.09.2018 18:00";"63,09";"63,09";"47,27";"47,27"
"1537891200";"25.09.2018 19:00";"69,36";"69,36";"49,91";"49,91"
"1537894800";"25.09.2018 20:00";"71,03";"71,03";"52,18";"52,18"
"1537898400";"25.09.2018 21:00";"68,79";"68,79";"46,7";"46,7"
"1537902000";"25.09.2018 22:00";"63,04";"63,04";"42,81";"49,13"
"1537905600";"25.09.2018 23:00";"31,7";"31,7";"38,02";"31,7"
"1537909200";"26.09.2018 00:00";"34,47";"34,47";"34,47";"34,47"
"1537912800";"26.09.2018 01:00";"47,51";"47,51";"25,32";"25,32"
"1537916400";"26.09.2018 02:00";"16,26";"16,26";"16,26";"16,26"
"1537920000";"26.09.2018 03:00";"10,09";"10,09";"10,09";"10,09"
"1537923600";"26.09.2018 04:00";"6,28";"6,28";"6,28";"6,28"
"1537927200";"26.09.2018 05:00";"44,25";"44,25";"3,88";"3,88"
"1537930800";"26.09.2018 06:00";"45,68";"45,68";"19,04";"19,04"
"1537934400";"26.09.2018 07:00";"60,49";"60,49";"44,31";"44,31"
"1537938000";"26.09.2018 08:00";"72,99";"72,99";"47,99";"47,99"
"1537941600";"26.09.2018 09:00";"74,14";"74,14";"46,97";"46,97"
"1537945200";"26.09.2018 10:00";"66,01";"66,01";"45,71";"45,71"
"1537948800";"26.09.2018 11:00";"64,94";"64,94";"44,83";"44,83"
"1537952400";"26.09.2018 12:00";"64,34";"64,34";"43,65";"43,65"
"1537956000";"26.09.2018 13:00";"63,3";"63,3";"38,53";"38,53"
"1537959600";"26.09.2018 14:00";"60,09";"60,09";"31,98";"31,98"
"1537963200";"26.09.2018 15:00";"57,39";"57,39";"30,82";"31,94"
"1537966800";"26.09.2018 16:00";"56,93";"56,93";"33,95";"33,95"
"1537970400";"26.09.2018 17:00";"56,6";"56,6";"38,59";"38,59"
"1537974000";"26.09.2018 18:00";"58,22";"58,22";"39,56";"39,56"
"1537977600";"26.09.2018 19:00";"60,72";"60,72";"49,98";"49,98"
"1537981200";"26.09.2018 20:00";"70,02";"70,02";"56,31";"56,31"
"1537984800";"26.09.2018 21:00";"63,62";"63,62";"37,9";"37,9"
"1537988400";"26.09.2018 22:00";"48";"48";"35,2";"35,2"
"1537992000";"26.09.2018 23:00";"30";"30";"30";"30"
"1537995600";"27.09.2018 00:00";"27,52";"27,52";"21,61";"21,61"
"1537999200";"27.09.2018 01:00";"18,67";"18,67";"18,67";"18,67"
"1538002800";"27.09.2018 02:00";"14,49";"14,49";"14,49";"14,49"
"1538006400";"27.09.2018 03:00";"17,98";"17,98";"17,98";"17,98"
"1538010000";"27.09.2018 04:00";"22,54";"22,54";"22,54";"22,54"
"1538013600";"27.09.2018 05:00";"17,46";"17,46";"17,46";"17,46"
"1538017200";"27.09.2018 06:00";"29,43";"29,43";"29,43";"29,43"
"1538020800";"27.09.2018 07:00";"52,52";"52,52";"48,2";"48,2"
"1538024400";"27.09.2018 08:00";"61,4";"61,4";"48,12";"48,12"
"1538028000";"27.09.2018 09:00";"68,24";"68,24";"49,97";"49,97"
"1538031600";"27.09.2018 10:00";"68,16";"68,16";"48,13";"48,13"
"1538035200";"27.09.2018 11:00";"66,15";"66,15";"49,91";"49,91"
"1538038800";"27.09.2018 12:00";"68,2";"68,2";"49,64";"49,64"
"1538042400";"27.09.2018 13:00";"68,26";"68,26";"50,01";"50,01"
"1538046000";"27.09.2018 14:00";"68,85";"68,85";"39,72";"39,72"
"1538049600";"27.09.2018 15:00";"70,09";"70,09";"39,13";"39,13"
"1538053200";"27.09.2018 16:00";"68,26";"68,26";"39,47";"39,47"
"1538056800";"27.09.2018 17:00";"65,8";"65,8";"50,76";"50,76"
"1538060400";"27.09.2018 18:00";"70";"70";"56,33";"56,33"
"1538064000";"27.09.2018 19:00";"68,29";"68,29";"63,58";"63,58"
"1538067600";"27.09.2018 20:00";"72,97";"72,97";"72,97";"72,97"
"1538071200";"27.09.2018 21:00";"65,2";"65,2";"51,82";"51,82"
"1538074800";"27.09.2018 22:00";"60,48";"60,48";"43,34";"43,34"
"1538078400";"27.09.2018 23:00";"36";"36";"36";"36"
"1538082000";"28.09.2018 00:00";"37,01";"37,01";"30,41";"30,41"
"1538085600";"28.09.2018 01:00";"32,78";"32,78";"32,78";"32,78"
"1538089200";"28.09.2018 02:00";"29,91";"29,91";"29,91";"29,91"
"1538092800";"28.09.2018 03:00";"26,07";"26,07";"26,07";"26,07"
"1538096400";"28.09.2018 04:00";"28,54";"28,54";"28,54";"28,54"
"1538100000";"28.09.2018 05:00";"28,87";"28,87";"28,87";"28,87"
"1538103600";"28.09.2018 06:00";"47,14";"47,14";"47,14";"47,14"
"1538107200";"28.09.2018 07:00";"61,34";"61,34";"61,34";"61,34"
"1538110800";"28.09.2018 08:00";"70,47";"70,47";"70,47";"70,47"
"1538114400";"28.09.2018 09:00";"71,89";"71,89";"71,89";"71,89"
"1538118000";"28.09.2018 10:00";"71,19";"71,19";"71,19";"71,19"
"1538121600";"28.09.2018 11:00";"70,61";"70,61";"70,61";"70,61"
"1538125200";"28.09.2018 12:00";"71,9";"71,9";"71,9";"71,9"
"1538128800";"28.09.2018 13:00";"71,88";"71,88";"71,88";"71,88"
"1538132400";"28.09.2018 14:00";"70,48";"70,48";"63,15";"63,15"
"1538136000";"28.09.2018 15:00";"69,87";"69,87";"57,91";"57,91"
"1538139600";"28.09.2018 16:00";"63,36";"63,36";"60,02";"60,02"
"1538143200";"28.09.2018 17:00";"64,38";"64,38";"64,38";"64,38"
"1538146800";"28.09.2018 18:00";"62,42";"62,42";"62,42";"62,42"
"1538150400";"28.09.2018 19:00";"71,42";"71,42";"71,42";"71,42"
"1538154000";"28.09.2018 20:00";"71,83";"71,83";"71,83";"71,83"
"1538157600";"28.09.2018 21:00";"65,93";"65,93";"50,83";"50,83"
"1538161200";"28.09.2018 22:00";"68,27";"68,27";"47,74";"47,74"
"1538164800";"28.09.2018 23:00";"43,77";"43,77";"43,77";"43,77"
"1538168400";"29.09.2018 00:00";"46,2";"46,2";"42,98";"42,98"
"1538172000";"29.09.2018 01:00";"47,97";"47,97";"42,91";"42,91"
"1538175600";"29.09.2018 02:00";"46,81";"46,81";"42,46";"42,46"
"1538179200";"29.09.2018 03:00";"45,66";"45,66";"42,48";"42,48"
"1538182800";"29.09.2018 04:00";"45,62";"45,62";"42,46";"42,46"
"1538186400";"29.09.2018 05:00";"45,65";"45,65";"42,5";"42,5"
"1538190000";"29.09.2018 06:00";"46,66";"46,66";"42,07";"42,07"
"1538193600";"29.09.2018 07:00";"47,1";"47,1";"47,1";"47,1"
"1538197200";"29.09.2018 08:00";"58,01";"58,01";"49,9";"49,9"
"1538200800";"29.09.2018 09:00";"64,38";"64,38";"52,41";"52,41"
"1538204400";"29.09.2018 10:00";"70,74";"70,74";"54,94";"54,94"
"1538208000";"29.09.2018 11:00";"71,42";"71,42";"53,35";"53,35"
"1538211600";"29.09.2018 12:00";"72,1";"72,1";"51,08";"51,08"
"1538215200";"29.09.2018 13:00";"71,34";"71,34";"48,91";"48,91"
"1538218800";"29.09.2018 14:00";"70,75";"70,75";"44,12";"44,12"
"1538222400";"29.09.2018 15:00";"66,86";"66,86";"43,83";"43,83"
"1538226000";"29.09.2018 16:00";"63,43";"63,43";"43,8";"43,8"
"1538229600";"29.09.2018 17:00";"63,31";"63,31";"44,12";"44,12"
"1538233200";"29.09.2018 18:00";"63,44";"63,44";"46,12";"46,12"
"1538236800";"29.09.2018 19:00";"70,34";"70,34";"48,01";"48,01"
"1538240400";"29.09.2018 20:00";"71,33";"71,33";"44,2";"44,2"
"1538244000";"29.09.2018 21:00";"70,72";"70,72";"40,07";"40,07"
"1538247600";"29.09.2018 22:00";"59,51";"59,51";"37,41";"37,41"
"1538251200";"29.09.2018 23:00";"46,1";"46,1";"29,1";"29,1"
"1538254800";"30.09.2018 00:00";"42,53";"42,53";"19,92";"19,92"
"1538258400";"30.09.2018 01:00";"43,09";"43,09";"25,89";"25,89"
"1538262000";"30.09.2018 02:00";"34,06";"34,06";"20,63";"20,63"
"1538265600";"30.09.2018 03:00";"34,04";"34,04";"19,17";"19,17"
"1538269200";"30.09.2018 04:00";"34,04";"34,04";"21,71";"21,71"
"1538272800";"30.09.2018 05:00";"34,08";"34,08";"30,75";"30,75"
"1538276400";"30.09.2018 06:00";"37,09";"37,09";"37,09";"37,09"
"1538280000";"30.09.2018 07:00";"38,04";"38,04";"38,04";"38,04"
"1538283600";"30.09.2018 08:00";"43,05";"43,05";"41,18";"41,18"
"1538287200";"30.09.2018 09:00";"43,2";"43,2";"35,65";"35,65"
"1538290800";"30.09.2018 10:00";"49,44";"49,44";"39,98";"39,98"
"1538294400";"30.09.2018 11:00";"52,64";"52,64";"35,6";"35,6"
"1538298000";"30.09.2018 12:00";"52,07";"52,07";"32,48";"32,48"
"1538301600";"30.09.2018 13:00";"51,51";"51,51";"32,01";"32,01"
"1538305200";"30.09.2018 14:00";"51";"51";"30,04";"30,04"
"1538308800";"30.09.2018 15:00";"49,23";"49,23";"30,78";"30,78"
"1538312400";"30.09.2018 16:00";"50,29";"50,29";"34,75";"34,75"
"1538316000";"30.09.2018 17:00";"50,75";"50,75";"39,12";"39,12"
"1538319600";"30.09.2018 18:00";"49,56";"49,56";"43";"43"
"1538323200";"30.09.2018 19:00";"59,21";"59,21";"45,19";"45,19"
"1538326800";"30.09.2018 20:00";"71,02";"71,02";"46,79";"46,79"
"1538330400";"30.09.2018 21:00";"62,04";"62,04";"45,37";"45,37"
"1538334000";"30.09.2018 22:00";"52,08";"52,08";"43,8";"43,8"
"1538337600";"30.09.2018 23:00";"46,01";"46,01";"42,52";"42,52"
"1538341200";"01.10.2018 00:00";"41,14";"41,14";"41,14";"41,14"
"1538344800";"01.10.2018 01:00";"42,32";"42,32";"42,32";"42,32"
"1538348400";"01.10.2018 02:00";"42,35";"42,35";"42,35";"42,35"
"1538352000";"01.10.2018 03:00";"42,4";"42,4";"42,4";"42,4"
"1538355600";"01.10.2018 04:00";"42,61";"42,61";"42,61";"42,61"
"1538359200";"01.10.2018 05:00";"42,98";"42,98";"42,98";"42,98"
"1538362800";"01.10.2018 06:00";"45,95";"45,95";"44,29";"44,29"
"1538366400";"01.10.2018 07:00";"71,04";"71,04";"45,96";"45,96"
"1538370000";"01.10.2018 08:00";"75,47";"75,47";"48,71";"48,71"
"1538373600";"01.10.2018 09:00";"72,4";"82,93";"51,2";"51,2"
"1538377200";"01.10.2018 10:00";"72,35";"79,56";"51,92";"51,92"
"1538380800";"01.10.2018 11:00";"72,38";"73,7";"53,36";"53,36"
"1538384400";"01.10.2018 12:00";"72,4";"76,75";"54,76";"54,76"
"1538388000";"01.10.2018 13:00";"76,81";"76,81";"54,02";"54,02"
"1538391600";"01.10.2018 14:00";"76,77";"76,77";"51,98";"51,98"
"1538395200";"01.10.2018 15:00";"72,38";"75,95";"49,98";"49,98"
"1538398800";"01.10.2018 16:00";"71,6";"71,6";"49,98";"49,98"
"1538402400";"01.10.2018 17:00";"66,09";"66,09";"49,04";"49,04"
"1538406000";"01.10.2018 18:00";"69,49";"69,49";"49,99";"49,99"
"1538409600";"01.10.2018 19:00";"71,23";"71,23";"51,92";"51,92"
"1538413200";"01.10.2018 20:00";"72,34";"105,14";"53,3";"53,3"
"1538416800";"01.10.2018 21:00";"71,65";"76,72";"47,01";"47,01"
"1538420400";"01.10.2018 22:00";"59,45";"59,45";"46,66";"46,66"
"1538424000";"01.10.2018 23:00";"54,44";"54,44";"44,93";"44,93"
"1538427600";"02.10.2018 00:00";"43,94";"43,94";"42,5";"42,5"
"1538431200";"02.10.2018 01:00";"45,41";"45,41";"45,1";"45,1"
"1538434800";"02.10.2018 02:00";"44,1";"44,1";"44,1";"44,1"
"1538438400";"02.10.2018 03:00";"44,06";"44,06";"44,06";"44,06"
"1538442000";"02.10.2018 04:00";"43,77";"43,77";"43,77";"43,77"
"1538445600";"02.10.2018 05:00";"44,29";"44,29";"44,29";"44,29"
"1538449200";"02.10.2018 06:00";"49,18";"49,18";"48,13";"48,13"
"1538452800";"02.10.2018 07:00";"63,04";"63,04";"57,7";"57,7"
"1538456400";"02.10.2018 08:00";"72,52";"72,52";"68,21";"68,21"
"1538460000";"02.10.2018 09:00";"75,25";"75,25";"70,36";"70,36"
"1538463600";"02.10.2018 10:00";"77,35";"77,35";"55,56";"55,56"
"1538467200";"02.10.2018 11:00";"75,27";"75,27";"55,95";"55,95"
"1538470800";"02.10.2018 12:00";"75,24";"75,24";"55,94";"55,94"
"1538474400";"02.10.2018 13:00";"76,13";"76,13";"53,51";"53,51"
"1538478000";"02.10.2018 14:00";"72,51";"72,51";"52,89";"52,89"
"1538481600";"02.10.2018 15:00";"67,16";"67,16";"51,95";"51,95"
"1538485200";"02.10.2018 16:00";"67,09";"67,09";"51,95";"51,95"
"1538488800";"02.10.2018 17:00";"64,06";"64,06";"51,93";"51,93"
"1538492400";"02.10.2018 18:00";"64,06";"64,06";"51,95";"51,95"
"1538496000";"02.10.2018 19:00";"72,53";"72,53";"58,14";"58,14"
"1538499600";"02.10.2018 20:00";"65,07";"65,07";"58,88";"58,88"
"1538503200";"02.10.2018 21:00";"58,91";"58,91";"46,26";"46,26"
"1538506800";"02.10.2018 22:00";"44,85";"44,85";"44,85";"44,85"
"1538510400";"02.10.2018 23:00";"42,69";"42,69";"42,69";"42,69"
"1538514000";"03.10.2018 00:00";"42,6";"42,6";"42,6";"42,6"
"1538517600";"03.10.2018 01:00";"40,69";"40,69";"40,69";"40,69"
"1538521200";"03.10.2018 02:00";"38,07";"38,07";"38,07";"38,07"
"1538524800";"03.10.2018 03:00";"36,42";"36,42";"36,42";"36,42"
"1538528400";"03.10.2018 04:00";"39,14";"39,14";"39,14";"39,14"
"1538532000";"03.10.2018 05:00";"39,65";"39,65";"39,65";"39,65"
"1538535600";"03.10.2018 06:00";"41,34";"41,34";"41,34";"41,34"
"1538539200";"03.10.2018 07:00";"51,92";"51,92";"51,92";"51,92"
"1538542800";"03.10.2018 08:00";"60,66";"60,66";"53,86";"53,86"
"1538546400";"03.10.2018 09:00";"61,06";"61,06";"57,99";"57,99"
"1538550000";"03.10.2018 10:00";"61,06";"61,06";"61,06";"61,06"
"1538553600";"03.10.2018 11:00";"61,21";"61,21";"61,21";"61,21"
"1538557200";"03.10.2018 12:00";"63,08";"63,08";"63,08";"63,08"
"1538560800";"03.10.2018 13:00";"61,09";"61,09";"61,09";"61,09"
"1538564400";"03.10.2018 14:00";"61,07";"61,07";"53,87";"53,87"
"1538568000";"03.10.2018 15:00";"61,05";"61,05";"52,96";"52,96"
"1538571600";"03.10.2018 16:00";"57,71";"57,71";"51,95";"51,95"
"1538575200";"03.10.2018 17:00";"54,22";"54,22";"52,1";"52,1"
"1538578800";"03.10.2018 18:00";"55,84";"55,84";"51,97";"51,97"
"1538582400";"03.10.2018 19:00";"59,35";"59,35";"58,37";"58,37"
"1538586000";"03.10.2018 20:00";"67,46";"67,46";"58";"58"
"1538589600";"03.10.2018 21:00";"63,82";"63,82";"51,95";"51,95"
"1538593200";"03.10.2018 22:00";"55,22";"55,22";"47,75";"47,75"
"1538596800";"03.10.2018 23:00";"46,1";"46,1";"46,1";"46,1"
"1538600400";"04.10.2018 00:00";"44,16";"44,16";"44,16";"44,16"
"1538604000";"04.10.2018 01:00";"46,25";"46,25";"46,25";"46,25"
"1538607600";"04.10.2018 02:00";"44,99";"44,99";"44,99";"44,99"
"1538611200";"04.10.2018 03:00";"44,51";"44,51";"44,51";"44,51"
"1538614800";"04.10.2018 04:00";"45,74";"45,74";"45,74";"45,74"
"1538618400";"04.10.2018 05:00";"46,01";"46,01";"46,01";"46,01"
"1538622000";"04.10.2018 06:00";"49,66";"49,66";"49,66";"49,66"
"1538625600";"04.10.2018 07:00";"61,71";"61,71";"61,71";"61,71"
"1538629200";"04.10.2018 08:00";"73,8";"73,8";"73,8";"73,8"
"1538632800";"04.10.2018 09:00";"81";"81";"81";"81"
"1538636400";"04.10.2018 10:00";"81,58";"81,58";"81,58";"81,58"
"1538640000";"04.10.2018 11:00";"78,96";"78,96";"78,96";"78,96"
"1538643600";"04.10.2018 12:00";"75,34";"75,34";"75,34";"75,34"
"1538647200";"04.10.2018 13:00";"70,09";"70,09";"63,05";"63,05"
"1538650800";"04.10.2018 14:00";"70,41";"70,41";"55,93";"55,93"
"1538654400";"04.10.2018 15:00";"73,74";"73,74";"54,4";"54,4"
"1538658000";"04.10.2018 16:00";"72,51";"72,51";"57,61";"57,61"
"1538661600";"04.10.2018 17:00";"73,7";"73,7";"62,82";"62,82"
"1538665200";"04.10.2018 18:00";"73,75";"77,23";"60,46";"60,46"
"1538668800";"04.10.2018 19:00";"73,77";"80,25";"73,01";"73,01"
"1538672400";"04.10.2018 20:00";"73,76";"131,5";"68,57";"68,57"
"1538676000";"04.10.2018 21:00";"73,74";"78,74";"50,85";"50,85"
"1538679600";"04.10.2018 22:00";"73,75";"73,75";"48,04";"48,04"
"1538683200";"04.10.2018 23:00";"46,65";"46,65";"46,65";"46,65"
"1538686800";"05.10.2018 00:00";"43,67";"43,67";"43,67";"43,67"
"1538690400";"05.10.2018 01:00";"45,26";"45,26";"45,26";"45,26"
"1538694000";"05.10.2018 02:00";"42,47";"42,47";"42,47";"42,47"
"1538697600";"05.10.2018 03:00";"40,64";"40,64";"40,64";"40,64"
"1538701200";"05.10.2018 04:00";"41,06";"41,06";"41,06";"41,06"
"1538704800";"05.10.2018 05:00";"42,45";"42,45";"42,45";"42,45"
"1538708400";"05.10.2018 06:00";"46,07";"46,07";"46,07";"46,07"
"1538712000";"05.10.2018 07:00";"61,14";"61,14";"48,64";"48,64"
"1538715600";"05.10.2018 08:00";"70,54";"70,54";"51,13";"51,13"
"1538719200";"05.10.2018 09:00";"77,83";"77,83";"52,48";"52,48"
"1538722800";"05.10.2018 10:00";"70,58";"70,58";"52,49";"52,49"
"1538726400";"05.10.2018 11:00";"70,53";"70,53";"52,88";"52,88"
"1538730000";"05.10.2018 12:00";"70,56";"70,56";"51,32";"51,32"
"1538733600";"05.10.2018 13:00";"70,6";"70,6";"51,95";"51,95"
"1538737200";"05.10.2018 14:00";"70,58";"70,58";"50,96";"50,96"
"1538740800";"05.10.2018 15:00";"70,55";"70,55";"48,24";"48,24"
"1538744400";"05.10.2018 16:00";"70,53";"70,53";"48,5";"48,5"
"1538748000";"05.10.2018 17:00";"70,52";"70,52";"49,73";"49,73"
"1538751600";"05.10.2018 18:00";"70,58";"70,58";"50,22";"50,22"
"1538755200";"05.10.2018 19:00";"77,54";"77,54";"53,81";"53,81"
"1538758800";"05.10.2018 20:00";"70,57";"70,57";"53,04";"53,04"
"1538762400";"05.10.2018 21:00";"63,3";"63,3";"48,08";"48,08"
"1538766000";"05.10.2018 22:00";"65,89";"65,89";"47,63";"47,63"
"1538769600";"05.10.2018 23:00";"46,48";"46,48";"46,48";"46,48"
"1538773200";"06.10.2018 00:00";"44,41";"44,41";"44,41";"44,41"
"1538776800";"06.10.2018 01:00";"44,89";"44,89";"44,89";"44,89"
"1538780400";"06.10.2018 02:00";"43,47";"43,47";"43,47";"43,47"
"1538784000";"06.10.2018 03:00";"43,39";"43,39";"43,39";"43,39"
"1538787600";"06.10.2018 04:00";"43,35";"43,35";"43,35";"43,35"
"1538791200";"06.10.2018 05:00";"43,85";"43,85";"43,85";"43,85"
"1538794800";"06.10.2018 06:00";"44,26";"44,26";"44,26";"44,26"
"1538798400";"06.10.2018 07:00";"44,4";"44,4";"44,4";"44,4"
"1538802000";"06.10.2018 08:00";"52,85";"52,85";"45,99";"45,99"
"1538805600";"06.10.2018 09:00";"60,23";"60,23";"47,21";"47,21"
"1538809200";"06.10.2018 10:00";"69,02";"69,02";"47,86";"47,86"
"1538812800";"06.10.2018 11:00";"66,8";"66,8";"48,05";"48,05"
"1538816400";"06.10.2018 12:00";"76,46";"76,46";"48,01";"48,01"
"1538820000";"06.10.2018 13:00";"62,07";"62,07";"48,04";"48,04"
"1538823600";"06.10.2018 14:00";"59,53";"59,53";"48,25";"48,25"
"1538827200";"06.10.2018 15:00";"53,7";"53,7";"48,43";"48,43"
"1538830800";"06.10.2018 16:00";"52,45";"52,45";"48,18";"48,18"
"1538834400";"06.10.2018 17:00";"53,5";"53,5";"48,36";"48,36"
"1538838000";"06.10.2018 18:00";"58,49";"58,49";"48,98";"48,98"
"1538841600";"06.10.2018 19:00";"70,85";"70,85";"50,22";"50,22"
"1538845200";"06.10.2018 20:00";"76,45";"76,45";"49,81";"49,81"
"1538848800";"06.10.2018 21:00";"68,91";"68,91";"48,21";"48,21"
"1538852400";"06.10.2018 22:00";"57,11";"57,11";"47,92";"47,92"
"1538856000";"06.10.2018 23:00";"47,13";"47,13";"47,13";"47,13"
"1538859600";"07.10.2018 00:00";"45,34";"45,34";"45,34";"45,34"
"1538863200";"07.10.2018 01:00";"46,95";"46,95";"46,95";"46,95"
"1538866800";"07.10.2018 02:00";"45,5";"45,5";"45,5";"45,5"
"1538870400";"07.10.2018 03:00";"44,65";"44,65";"44,65";"44,65"
"1538874000";"07.10.2018 04:00";"43,02";"43,02";"43,02";"43,02"
"1538877600";"07.10.2018 05:00";"42,5";"42,5";"42,5";"42,5"
"1538881200";"07.10.2018 06:00";"43,8";"43,8";"43,8";"43,8"
"1538884800";"07.10.2018 07:00";"44,6";"44,6";"44,6";"44,6"
"1538888400";"07.10.2018 08:00";"46,56";"46,56";"46,56";"46,56"
"1538892000";"07.10.2018 09:00";"49,49";"49,49";"49,49";"49,49"
"1538895600";"07.10.2018 10:00";"51,95";"51,95";"51,95";"51,95"
"1538899200";"07.10.2018 11:00";"53,77";"53,77";"53,77";"53,77"
"1538902800";"07.10.2018 12:00";"53,71";"53,71";"53,71";"53,71"
"1538906400";"07.10.2018 13:00";"52,77";"52,77";"52,77";"52,77"
"1538910000";"07.10.2018 14:00";"50,9";"50,9";"50,9";"50,9"
"1538913600";"07.10.2018 15:00";"49,91";"49,91";"49,91";"49,91"
"1538917200";"07.10.2018 16:00";"49,05";"49,05";"49,05";"49,05"
"1538920800";"07.10.2018 17:00";"50,21";"50,21";"50,21";"50,21"
"1538924400";"07.10.2018 18:00";"54,14";"54,14";"52,07";"52,07"
"1538928000";"07.10.2018 19:00";"68,32";"68,32";"56,95";"56,95"
"1538931600";"07.10.2018 20:00";"79";"79";"57,55";"57,55"
"1538935200";"07.10.2018 21:00";"75,22";"75,22";"53,66";"53,66"
"1538938800";"07.10.2018 22:00";"63,09";"63,09";"50,89";"50,89"
"1538942400";"07.10.2018 23:00";"48,63";"48,63";"48,63";"48,63"
"1538946000";"08.10.2018 00:00";"47,72";"47,72";"47,72";"47,72"
"1538949600";"08.10.2018 01:00";"46,15";"46,15";"46,15";"46,15"
"1538953200";"08.10.2018 02:00";"44,16";"44,16";"44,16";"44,16"
"1538956800";"08.10.2018 03:00";"42,94";"42,94";"42,94";"42,94"
"1538960400";"08.10.2018 04:00";"41,82";"41,82";"41,82";"41,82"
"1538964000";"08.10.2018 05:00";"41,79";"41,79";"41,79";"41,79"
"1538967600";"08.10.2018 06:00";"47,47";"47,47";"44,2";"44,2"
"1538971200";"08.10.2018 07:00";"67";"67";"50,83";"50,83"
"1538974800";"08.10.2018 08:00";"80,08";"80,08";"49,69";"49,69"
"1538978400";"08.10.2018 09:00";"79,5";"79,5";"51,92";"51,92"
"1538982000";"08.10.2018 10:00";"79,62";"79,62";"49,72";"49,72"
"1538985600";"08.10.2018 11:00";"76,51";"76,51";"49,66";"49,66"
"1538989200";"08.10.2018 12:00";"76,64";"76,64";"48,99";"48,99"
"1538992800";"08.10.2018 13:00";"76,72";"76,72";"49";"49"
"1538996400";"08.10.2018 14:00";"79,42";"79,42";"48,76";"48,76"
"1539000000";"08.10.2018 15:00";"76,56";"76,56";"48,82";"48,82"
"1539003600";"08.10.2018 16:00";"75,06";"75,06";"48,67";"48,67"
"1539007200";"08.10.2018 17:00";"70,81";"70,81";"48,56";"48,56"
"1539010800";"08.10.2018 18:00";"73,1";"73,1";"48,43";"48,43"
"1539014400";"08.10.2018 19:00";"79,48";"79,48";"49,87";"49,87"
"1539018000";"08.10.2018 20:00";"80";"80";"49,99";"49,99"
"1539021600";"08.10.2018 21:00";"76,55";"76,55";"48,08";"48,08"
"1539025200";"08.10.2018 22:00";"67,02";"67,02";"47,31";"47,31"
"1539028800";"08.10.2018 23:00";"59,04";"59,04";"46,15";"46,15"
"1539032400";"09.10.2018 00:00";"43,98";"43,98";"43,98";"43,98"
"1539036000";"09.10.2018 01:00";"53,84";"53,84";"41,32";"41,32"
"1539039600";"09.10.2018 02:00";"38,65";"38,65";"38,65";"38,65"
"1539043200";"09.10.2018 03:00";"37,03";"37,03";"37,03";"37,03"
"1539046800";"09.10.2018 04:00";"38,55";"38,55";"38,55";"38,55"
"1539050400";"09.10.2018 05:00";"52,09";"52,09";"38,79";"38,79"
"1539054000";"09.10.2018 06:00";"54,32";"54,32";"44,93";"44,93"
"1539057600";"09.10.2018 07:00";"61,71";"61,71";"48,53";"48,53"
"1539061200";"09.10.2018 08:00";"74,3";"74,3";"49,17";"49,17"
"1539064800";"09.10.2018 09:00";"79,72";"79,72";"49,67";"49,67"
"1539068400";"09.10.2018 10:00";"79,75";"79,75";"49,49";"49,49"
"1539072000";"09.10.2018 11:00";"78,19";"78,19";"49,33";"49,33"
"1539075600";"09.10.2018 12:00";"76,59";"76,59";"49,17";"49,17"
"1539079200";"09.10.2018 13:00";"76,6";"76,6";"49,25";"49,25"
"1539082800";"09.10.2018 14:00";"76,59";"76,59";"49,09";"49,09"
"1539086400";"09.10.2018 15:00";"76,53";"76,53";"48,73";"48,73"
"1539090000";"09.10.2018 16:00";"76,53";"76,53";"48,36";"48,36"
"1539093600";"09.10.2018 17:00";"74,9";"74,9";"48,18";"48,18"
"1539097200";"09.10.2018 18:00";"76,57";"76,57";"47,82";"47,82"
"1539100800";"09.10.2018 19:00";"79,73";"79,73";"48,78";"48,78"
"1539104400";"09.10.2018 20:00";"79,71";"79,71";"48,92";"48,92"
"1539108000";"09.10.2018 21:00";"76,57";"76,57";"47,44";"47,44"
"1539111600";"09.10.2018 22:00";"64";"64";"45,68";"45,68"
"1539115200";"09.10.2018 23:00";"43,58";"43,58";"43,58";"43,58"
"1539118800";"10.10.2018 00:00";"42,02";"42,02";"41,35";"41,35"
"1539122400";"10.10.2018 01:00";"55,3";"55,3";"42,28";"42,28"
"1539126000";"10.10.2018 02:00";"41,4";"41,4";"41,4";"41,4"
"1539129600";"10.10.2018 03:00";"41,35";"41,35";"41,35";"41,35"
"1539133200";"10.10.2018 04:00";"47,63";"47,63";"42,33";"42,33"
"1539136800";"10.10.2018 05:00";"53,3";"53,3";"42,35";"42,35"
"1539140400";"10.10.2018 06:00";"56,33";"56,33";"45,42";"45,42"
"1539144000";"10.10.2018 07:00";"70,43";"70,43";"48,62";"48,62"
"1539147600";"10.10.2018 08:00";"76,3";"76,3";"50,09";"50,09"
"1539151200";"10.10.2018 09:00";"93,22";"93,22";"50,84";"50,84"
"1539154800";"10.10.2018 10:00";"86,84";"86,84";"51,97";"51,97"
"1539158400";"10.10.2018 11:00";"80,81";"80,81";"53,28";"53,28"
"1539162000";"10.10.2018 12:00";"78,74";"78,74";"53,97";"53,97"
"1539165600";"10.10.2018 13:00";"81,06";"81,06";"55,27";"55,27"
"1539169200";"10.10.2018 14:00";"77,89";"77,89";"53,61";"53,61"
"1539172800";"10.10.2018 15:00";"75,08";"75,08";"51,99";"51,99"
"1539176400";"10.10.2018 16:00";"75,02";"75,02";"53,68";"53,68"
"1539180000";"10.10.2018 17:00";"74,77";"74,77";"54,32";"54,32"
"1539183600";"10.10.2018 18:00";"72,2";"72,2";"57,03";"57,03"
"1539187200";"10.10.2018 19:00";"76,23";"77,78";"63,67";"63,67"
"1539190800";"10.10.2018 20:00";"79,19";"79,19";"57,67";"57,67"
"1539194400";"10.10.2018 21:00";"74,73";"74,73";"50,95";"50,95"
"1539198000";"10.10.2018 22:00";"61,29";"61,29";"48,41";"48,41"
"1539201600";"10.10.2018 23:00";"54,62";"54,62";"46,74";"46,74"
"1539205200";"11.10.2018 00:00";"42,1";"42,1";"42,1";"42,1"
"1539208800";"11.10.2018 01:00";"46,9";"46,9";"35,01";"35,01"
"1539212400";"11.10.2018 02:00";"31,71";"31,71";"31,71";"31,71"
"1539216000";"11.10.2018 03:00";"29,97";"29,97";"29,97";"29,97"
"1539219600";"11.10.2018 04:00";"30,91";"30,91";"30,91";"30,91"
"1539223200";"11.10.2018 05:00";"47,45";"47,45";"34,98";"34,98"
"1539226800";"11.10.2018 06:00";"47,45";"47,45";"44,08";"44,08"
"1539230400";"11.10.2018 07:00";"58,51";"58,51";"53,53";"53,53"
"1539234000";"11.10.2018 08:00";"71,21";"71,21";"52";"52"
"1539237600";"11.10.2018 09:00";"73,27";"73,27";"54,9";"54,9"
"1539241200";"11.10.2018 10:00";"76,82";"76,82";"54,94";"54,94"
"1539244800";"11.10.2018 11:00";"75,02";"75,02";"56,48";"56,48"
"1539248400";"11.10.2018 12:00";"76,91";"76,91";"56,51";"56,51"
"1539252000";"11.10.2018 13:00";"76,92";"76,92";"55,73";"55,73"
"1539255600";"11.10.2018 14:00";"76,91";"76,91";"55,1";"55,1"
"1539259200";"11.10.2018 15:00";"76,87";"76,87";"55,84";"55,84"
"1539262800";"11.10.2018 16:00";"73,26";"73,26";"54,92";"54,92"
"1539266400";"11.10.2018 17:00";"70,6";"70,6";"55,86";"55,86"
"1539270000";"11.10.2018 18:00";"71,1";"71,1";"57,95";"57,95"
"1539273600";"11.10.2018 19:00";"76,84";"76,84";"73,08";"73,08"
"1539277200";"11.10.2018 20:00";"73,28";"73,28";"59,91";"59,91"
"1539280800";"11.10.2018 21:00";"70,53";"70,53";"48,89";"48,89"
"1539284400";"11.10.2018 22:00";"57,03";"57,03";"47,44";"47,44"
"1539288000";"11.10.2018 23:00";"51,96";"51,96";"44,6";"44,6"
"1539291600";"12.10.2018 00:00";"42,12";"42,12";"42,12";"42,12"
"1539295200";"12.10.2018 01:00";"40,98";"40,98";"40,98";"40,98"
"1539298800";"12.10.2018 02:00";"40,13";"40,13";"40,13";"40,13"
"1539302400";"12.10.2018 03:00";"39,36";"39,36";"39,36";"39,36"
"1539306000";"12.10.2018 04:00";"40,19";"40,19";"40,19";"40,19"
"1539309600";"12.10.2018 05:00";"40,39";"40,39";"40,39";"40,39"
"1539313200";"12.10.2018 06:00";"44,86";"44,86";"44,86";"44,86"
"1539316800";"12.10.2018 07:00";"56,65";"56,65";"56,65";"56,65"
"1539320400";"12.10.2018 08:00";"68,85";"68,85";"64,17";"64,17"
"1539324000";"12.10.2018 09:00";"71,47";"71,47";"60,43";"60,43"
"1539327600";"12.10.2018 10:00";"69,71";"69,71";"59,53";"59,53"
"1539331200";"12.10.2018 11:00";"69,52";"69,52";"60,03";"60,03"
"1539334800";"12.10.2018 12:00";"66,06";"66,06";"60,01";"60,01"
"1539338400";"12.10.2018 13:00";"66,08";"66,08";"53,38";"53,38"
"1539342000";"12.10.2018 14:00";"66,07";"66,07";"51,94";"51,94"
"1539345600";"12.10.2018 15:00";"66,03";"66,03";"51,94";"51,94"
"1539349200";"12.10.2018 16:00";"65,05";"65,05";"51,95";"51,95"
"1539352800";"12.10.2018 17:00";"67,81";"67,81";"51,92";"51,92"
"1539356400";"12.10.2018 18:00";"67,32";"67,32";"52,85";"52,85"
"1539360000";"12.10.2018 19:00";"69,94";"69,94";"59,74";"59,74"
"1539363600";"12.10.2018 20:00";"71,39";"73,33";"54,88";"54,88"
"1539367200";"12.10.2018 21:00";"68,85";"68,85";"45,35";"45,35"
"1539370800";"12.10.2018 22:00";"53,58";"53,58";"42,53";"42,53"
"1539374400";"12.10.2018 23:00";"48,8";"48,8";"41,12";"41,12"
"1539378000";"13.10.2018 00:00";"40,07";"40,07";"39,38";"39,38"
"1539381600";"13.10.2018 01:00";"45,58";"45,58";"35,28";"35,28"
"1539385200";"13.10.2018 02:00";"40,07";"40,07";"30";"30"
"1539388800";"13.10.2018 03:00";"35,5";"35,5";"26,33";"26,33"
"1539392400";"13.10.2018 04:00";"35,52";"35,52";"25,42";"25,42"
"1539396000";"13.10.2018 05:00";"42,58";"42,58";"26,97";"26,97"
"1539399600";"13.10.2018 06:00";"42,93";"42,93";"31,4";"31,4"
"1539403200";"13.10.2018 07:00";"45,92";"45,92";"34,56";"34,56"
"1539406800";"13.10.2018 08:00";"46,57";"46,57";"36,56";"36,56"
"1539410400";"13.10.2018 09:00";"56,88";"56,88";"39,45";"39,45"
"1539414000";"13.10.2018 10:00";"70,32";"70,32";"40,32";"40,32"
"1539417600";"13.10.2018 11:00";"70,31";"70,31";"40,52";"40,52"
"1539421200";"13.10.2018 12:00";"70,3";"70,3";"40,39";"40,39"
"1539424800";"13.10.2018 13:00";"70,31";"70,31";"37,4";"37,4"
"1539428400";"13.10.2018 14:00";"70,31";"70,31";"34,1";"34,1"
"1539432000";"13.10.2018 15:00";"60,01";"60,01";"31,95";"31,95"
"1539435600";"13.10.2018 16:00";"57,84";"57,84";"36,52";"36,52"
"1539439200";"13.10.2018 17:00";"56,42";"56,42";"38,54";"38,54"
"1539442800";"13.10.2018 18:00";"57,38";"57,38";"39,85";"39,85"
"1539446400";"13.10.2018 19:00";"69,01";"69,01";"41,29";"41,29"
"1539450000";"13.10.2018 20:00";"69,77";"69,77";"40,35";"40,35"
"1539453600";"13.10.2018 21:00";"53,81";"53,81";"38,68";"38,68"
"1539457200";"13.10.2018 22:00";"31,52";"31,52";"31,52";"31,52"
"1539460800";"13.10.2018 23:00";"24,72";"24,72";"24,72";"24,72"
"1539464400";"14.10.2018 00:00";"13,99";"13,99";"13,99";"13,99"
"1539468000";"14.10.2018 01:00";"40,01";"40,01";"4,69";"4,69"
"1539471600";"14.10.2018 02:00";"24";"24";"4,27";"4,27"
"1539475200";"14.10.2018 03:00";"3,37";"3,37";"3,37";"3,37"
"1539478800";"14.10.2018 04:00";"3,23";"3,23";"3,23";"3,23"
"1539482400";"14.10.2018 05:00";"3,7";"3,7";"3,7";"3,7"
"1539486000";"14.10.2018 06:00";"4,18";"4,18";"4,18";"4,18"
"1539489600";"14.10.2018 07:00";"4,06";"4,06";"4,06";"4,06"
"1539493200";"14.10.2018 08:00";"42,51";"42,51";"5,06";"5,06"
"1539496800";"14.10.2018 09:00";"43,93";"43,93";"23,42";"23,42"
"1539500400";"14.10.2018 10:00";"45,89";"45,89";"26,71";"26,71"
"1539504000";"14.10.2018 11:00";"47,74";"47,74";"26,94";"26,94"
"1539507600";"14.10.2018 12:00";"49,37";"49,37";"25,76";"25,76"
"1539511200";"14.10.2018 13:00";"50,48";"50,48";"20,73";"20,73"
"1539514800";"14.10.2018 14:00";"49,18";"49,18";"20,75";"20,75"
"1539518400";"14.10.2018 15:00";"46,71";"46,71";"13,92";"13,92"
"1539522000";"14.10.2018 16:00";"45,76";"45,76";"19,54";"19,54"
"1539525600";"14.10.2018 17:00";"45,64";"45,64";"20,74";"20,74"
"1539529200";"14.10.2018 18:00";"42,98";"42,98";"36,15";"36,15"
"1539532800";"14.10.2018 19:00";"48,7";"48,7";"38,53";"38,53"
"1539536400";"14.10.2018 20:00";"52,33";"52,33";"38,27";"38,27"
"1539540000";"14.10.2018 21:00";"47,73";"47,73";"32,6";"32,6"
"1539543600";"14.10.2018 22:00";"45,83";"45,83";"29,41";"29,41"
"1539547200";"14.10.2018 23:00";"23,75";"23,75";"23,75";"23,75"
"1539550800";"15.10.2018 00:00";"4,45";"4,45";"4,45";"4,45"
"1539554400";"15.10.2018 01:00";"1,92";"1,92";"1,92";"1,92"
"1539558000";"15.10.2018 02:00";"2,41";"2,41";"2,41";"2,41"
"1539561600";"15.10.2018 03:00";"4,1";"4,1";"4,1";"4,1"
"1539565200";"15.10.2018 04:00";"7,33";"7,33";"7,33";"7,33"
"1539568800";"15.10.2018 05:00";"12,33";"12,33";"12,33";"12,33"
"1539572400";"15.10.2018 06:00";"40,95";"40,95";"40,95";"40,95"
"1539576000";"15.10.2018 07:00";"58,58";"58,58";"46,68";"46,68"
"1539579600";"15.10.2018 08:00";"72,77";"72,77";"47,78";"47,78"
"1539583200";"15.10.2018 09:00";"77,15";"77,15";"47,81";"47,81"
"1539586800";"15.10.2018 10:00";"74,72";"74,72";"48,54";"48,54"
"1539590400";"15.10.2018 11:00";"72,72";"72,72";"50,04";"50,04"
"1539594000";"15.10.2018 12:00";"71,75";"71,75";"50,84";"50,84"
"1539597600";"15.10.2018 13:00";"72,73";"72,73";"52,93";"52,93"
"1539601200";"15.10.2018 14:00";"72,72";"72,72";"50,1";"50,1"
"1539604800";"15.10.2018 15:00";"72,71";"72,71";"51,82";"51,82"
"1539608400";"15.10.2018 16:00";"65,05";"65,05";"51,28";"51,28"
"1539612000";"15.10.2018 17:00";"71,86";"71,86";"52,08";"52,08"
"1539615600";"15.10.2018 18:00";"78,36";"78,36";"56,09";"56,09"
"1539619200";"15.10.2018 19:00";"90";"90";"69,39";"69,39"
"1539622800";"15.10.2018 20:00";"91,93";"91,93";"59,41";"59,41"
"1539626400";"15.10.2018 21:00";"73,5";"73,5";"49,95";"49,95"
"1539630000";"15.10.2018 22:00";"58,99";"58,99";"47,83";"47,83"
"1539633600";"15.10.2018 23:00";"52,68";"52,68";"46,63";"46,63"
"1539637200";"16.10.2018 00:00";"44,96";"44,96";"44,96";"44,96"
"1539640800";"16.10.2018 01:00";"44,7";"44,7";"44,7";"44,7"
"1539644400";"16.10.2018 02:00";"43,43";"43,43";"43,43";"43,43"
"1539648000";"16.10.2018 03:00";"42,47";"42,47";"42,47";"42,47"
"1539651600";"16.10.2018 04:00";"44,18";"44,18";"44,18";"44,18"
"1539655200";"16.10.2018 05:00";"50,95";"50,95";"44,61";"44,61"
"1539658800";"16.10.2018 06:00";"55,66";"55,66";"48,68";"48,68"
"1539662400";"16.10.2018 07:00";"72,27";"72,27";"51,14";"51,14"
"1539666000";"16.10.2018 08:00";"76,05";"76,05";"52,47";"52,47"
"1539669600";"16.10.2018 09:00";"75,48";"80,06";"52,68";"52,68"
"1539673200";"16.10.2018 10:00";"75,5";"83,95";"53,57";"53,57"
"1539676800";"16.10.2018 11:00";"78,82";"78,82";"54,09";"54,09"
"1539680400";"16.10.2018 12:00";"75,49";"75,93";"52,72";"52,72"
"1539684000";"16.10.2018 13:00";"72,23";"72,23";"52,36";"52,36"
"1539687600";"16.10.2018 14:00";"72,22";"72,22";"51,33";"51,33"
"1539691200";"16.10.2018 15:00";"72,14";"72,14";"50,04";"50,04"
"1539694800";"16.10.2018 16:00";"72,24";"72,24";"50,06";"50,06"
"1539698400";"16.10.2018 17:00";"72,26";"72,26";"50,72";"50,72"
"1539702000";"16.10.2018 18:00";"72,29";"76,08";"53,28";"53,28"
"1539705600";"16.10.2018 19:00";"75,46";"89,97";"59,48";"59,48"
"1539709200";"16.10.2018 20:00";"75,49";"105,12";"56,24";"56,24"
"1539712800";"16.10.2018 21:00";"72,3";"82,92";"48,22";"48,22"
"1539716400";"16.10.2018 22:00";"67,41";"67,41";"49,23";"49,23"
"1539720000";"16.10.2018 23:00";"58,55";"58,55";"48,09";"48,09"
"1539723600";"17.10.2018 00:00";"45,6";"45,6";"45,6";"45,6"
"1539727200";"17.10.2018 01:00";"44,08";"44,08";"44,08";"44,08"
"1539730800";"17.10.2018 02:00";"42,74";"42,74";"42,74";"42,74"
"1539734400";"17.10.2018 03:00";"40,39";"40,39";"40,39";"40,39"
"1539738000";"17.10.2018 04:00";"41,86";"41,86";"41,86";"41,86"
"1539741600";"17.10.2018 05:00";"48,91";"48,91";"42,77";"42,77"
"1539745200";"17.10.2018 06:00";"54,36";"54,36";"46,15";"46,15"
"1539748800";"17.10.2018 07:00";"69,29";"69,29";"53,7";"53,7"
"1539752400";"17.10.2018 08:00";"71,79";"77,72";"54,93";"54,93"
"1539756000";"17.10.2018 09:00";"71,79";"89,99";"55,82";"55,82"
"1539759600";"17.10.2018 10:00";"75,83";"85,5";"54,43";"54,43"
"1539763200";"17.10.2018 11:00";"71,8";"78,55";"54,71";"54,71"
"1539766800";"17.10.2018 12:00";"74,24";"74,24";"54,8";"54,8"
"1539770400";"17.10.2018 13:00";"69,24";"69,24";"52,44";"52,44"
"1539774000";"17.10.2018 14:00";"69,29";"69,29";"51,98";"51,98"
"1539777600";"17.10.2018 15:00";"69,23";"69,23";"50,07";"50,07"
"1539781200";"17.10.2018 16:00";"70,81";"70,81";"50,07";"50,07"
"1539784800";"17.10.2018 17:00";"71,73";"74,53";"52,34";"52,34"
"1539788400";"17.10.2018 18:00";"71,74";"80,95";"56,04";"56,04"
"1539792000";"17.10.2018 19:00";"71,75";"89,94";"59,52";"59,52"
"1539795600";"17.10.2018 20:00";"71,75";"112,66";"54,32";"54,32"
"1539799200";"17.10.2018 21:00";"70,1";"70,1";"44,72";"44,72"
"1539802800";"17.10.2018 22:00";"60,1";"60,1";"44,09";"44,09"
"1539806400";"17.10.2018 23:00";"41,75";"41,75";"41,75";"41,75"
"1539810000";"18.10.2018 00:00";"41,05";"41,05";"41,05";"41,05"
"1539813600";"18.10.2018 01:00";"41,94";"41,94";"41,94";"41,94"
"1539817200";"18.10.2018 02:00";"41,24";"41,24";"41,24";"41,24"
"1539820800";"18.10.2018 03:00";"40,42";"40,42";"40,42";"40,42"
"1539824400";"18.10.2018 04:00";"42,33";"42,33";"42,33";"42,33"
"1539828000";"18.10.2018 05:00";"44,01";"44,01";"42,96";"42,96"
"1539831600";"18.10.2018 06:00";"51,06";"51,06";"46,56";"46,56"
"1539835200";"18.10.2018 07:00";"59,59";"59,59";"59,59";"59,59"
"1539838800";"18.10.2018 08:00";"71,74";"76,09";"71,74";"71,74"
"1539842400";"18.10.2018 09:00";"71,76";"80,99";"71,76";"71,76"
"1539846000";"18.10.2018 10:00";"71,76";"79,02";"67,21";"67,21"
"1539849600";"18.10.2018 11:00";"71,75";"71,75";"62,98";"62,98"
"1539853200";"18.10.2018 12:00";"64,07";"64,07";"58,93";"58,93"
"1539856800";"18.10.2018 13:00";"66,03";"66,03";"63,53";"63,53"
"1539860400";"18.10.2018 14:00";"67,05";"67,05";"63,17";"63,17"
"1539864000";"18.10.2018 15:00";"66,03";"66,03";"57,59";"57,59"
"1539867600";"18.10.2018 16:00";"55,28";"55,28";"51,72";"51,72"
"1539871200";"18.10.2018 17:00";"60,45";"60,45";"51,1";"51,1"
"1539874800";"18.10.2018 18:00";"69,97";"69,97";"52,27";"52,27"
"1539878400";"18.10.2018 19:00";"71,74";"80,15";"55,49";"55,49"
"1539882000";"18.10.2018 20:00";"71,72";"83,86";"51,94";"51,94"
"1539885600";"18.10.2018 21:00";"71,73";"72,09";"43,01";"43,01"
"1539889200";"18.10.2018 22:00";"58,63";"58,63";"42,26";"42,26"
"1539892800";"18.10.2018 23:00";"51,75";"51,75";"40,92";"40,92"
"1539896400";"19.10.2018 00:00";"42,09";"42,09";"38,49";"38,49"
"1539900000";"19.10.2018 01:00";"50,48";"50,48";"39,35";"39,35"
"1539903600";"19.10.2018 02:00";"47,8";"47,8";"39,11";"39,11"
"1539907200";"19.10.2018 03:00";"38,64";"38,64";"38,64";"38,64"
"1539910800";"19.10.2018 04:00";"47,47";"47,47";"38,92";"38,92"
"1539914400";"19.10.2018 05:00";"47,94";"47,94";"39,28";"39,28"
"1539918000";"19.10.2018 06:00";"53,04";"53,04";"44,11";"44,11"
"1539921600";"19.10.2018 07:00";"70,89";"70,89";"47,07";"47,07"
"1539925200";"19.10.2018 08:00";"73,47";"79,02";"46,55";"46,55"
"1539928800";"19.10.2018 09:00";"73,43";"84,09";"48,67";"48,67"
"1539932400";"19.10.2018 10:00";"73,47";"84,28";"50,06";"50,06"
"1539936000";"19.10.2018 11:00";"73,42";"81,94";"50,18";"50,18"
"1539939600";"19.10.2018 12:00";"73,43";"75,19";"49,07";"49,07"
"1539943200";"19.10.2018 13:00";"69,16";"69,16";"49,22";"49,22"
"1539946800";"19.10.2018 14:00";"65,06";"65,06";"50";"50"
"1539950400";"19.10.2018 15:00";"70,81";"70,81";"50,16";"50,16"
"1539954000";"19.10.2018 16:00";"65,07";"65,07";"50,06";"50,06"
"1539957600";"19.10.2018 17:00";"70,63";"70,63";"50,11";"50,11"
"1539961200";"19.10.2018 18:00";"70,87";"78,08";"53,91";"53,91"
"1539964800";"19.10.2018 19:00";"73,42";"81,96";"73,42";"73,42"
"1539968400";"19.10.2018 20:00";"73,41";"83,95";"62,47";"62,47"
"1539972000";"19.10.2018 21:00";"70,88";"77,58";"44,14";"44,14"
"1539975600";"19.10.2018 22:00";"67,3";"67,3";"45,81";"45,81"
"1539979200";"19.10.2018 23:00";"58,42";"58,42";"44,57";"44,57"
"1539982800";"20.10.2018 00:00";"43,85";"43,85";"43,85";"43,85"
"1539986400";"20.10.2018 01:00";"45";"45";"45";"45"
"1539990000";"20.10.2018 02:00";"43,51";"43,51";"43,51";"43,51"
"1539993600";"20.10.2018 03:00";"42,09";"42,09";"42,09";"42,09"
"1539997200";"20.10.2018 04:00";"40,92";"40,92";"40,92";"40,92"
"1540000800";"20.10.2018 05:00";"41,38";"41,38";"41,38";"41,38"
"1540004400";"20.10.2018 06:00";"43,59";"43,59";"43,04";"43,04"
"1540008000";"20.10.2018 07:00";"42,73";"42,73";"42,73";"42,73"
"1540011600";"20.10.2018 08:00";"51,08";"51,08";"43,78";"43,78"
"1540015200";"20.10.2018 09:00";"58,13";"58,13";"44,4";"44,4"
"1540018800";"20.10.2018 10:00";"65,06";"65,06";"43,35";"43,35"
"1540022400";"20.10.2018 11:00";"64,8";"64,8";"44,46";"44,46"
"1540026000";"20.10.2018 12:00";"60,07";"60,07";"44,36";"44,36"
"1540029600";"20.10.2018 13:00";"53,17";"53,17";"43,19";"43,19"
"1540033200";"20.10.2018 14:00";"49,64";"49,64";"41,92";"41,92"
"1540036800";"20.10.2018 15:00";"49,39";"49,39";"41,72";"41,72"
"1540040400";"20.10.2018 16:00";"50,47";"50,47";"42,05";"42,05"
"1540044000";"20.10.2018 17:00";"53,67";"53,67";"43,69";"43,69"
"1540047600";"20.10.2018 18:00";"59,26";"59,26";"47,4";"47,4"
"1540051200";"20.10.2018 19:00";"68,1";"68,1";"47,52";"47,52"
"1540054800";"20.10.2018 20:00";"67,63";"67,63";"46,13";"46,13"
"1540058400";"20.10.2018 21:00";"60,7";"60,7";"43,06";"43,06"
"1540062000";"20.10.2018 22:00";"52,97";"52,97";"45,98";"45,98"
"1540065600";"20.10.2018 23:00";"44,91";"44,91";"44,91";"44,91"
"1540069200";"21.10.2018 00:00";"39,76";"39,76";"39,76";"39,76"
"1540072800";"21.10.2018 01:00";"47,19";"47,19";"42,42";"47,19"
"1540076400";"21.10.2018 02:00";"42,02";"42,02";"42,02";"42,02"
"1540080000";"21.10.2018 03:00";"40,48";"40,48";"40,48";"40,48"
"1540083600";"21.10.2018 04:00";"39,43";"39,43";"39,43";"39,43"
"1540087200";"21.10.2018 05:00";"39,38";"39,38";"39,38";"39,38"
"1540090800";"21.10.2018 06:00";"40";"40";"40";"40"
"1540094400";"21.10.2018 07:00";"39,97";"39,97";"39,97";"39,97"
"1540098000";"21.10.2018 08:00";"43,98";"43,98";"39,45";"39,45"
"1540101600";"21.10.2018 09:00";"47,69";"47,69";"40,49";"40,49"
"1540105200";"21.10.2018 10:00";"52,32";"52,32";"41,67";"41,67"
"1540108800";"21.10.2018 11:00";"52,55";"52,55";"42,09";"42,09"
"1540112400";"21.10.2018 12:00";"51,75";"51,75";"42,12";"42,12"
"1540116000";"21.10.2018 13:00";"50,39";"50,39";"41,83";"41,83"
"1540119600";"21.10.2018 14:00";"47,19";"47,19";"40,78";"40,78"
"1540123200";"21.10.2018 15:00";"46,91";"46,91";"39,89";"39,89"
"1540126800";"21.10.2018 16:00";"44,52";"44,52";"39,53";"39,53"
"1540130400";"21.10.2018 17:00";"44,82";"44,82";"40,12";"40,12"
"1540134000";"21.10.2018 18:00";"50,86";"50,86";"42,05";"42,05"
"1540137600";"21.10.2018 19:00";"65,8";"65,8";"42,39";"42,39"
"1540141200";"21.10.2018 20:00";"65,06";"65,06";"42,24";"42,24"
"1540144800";"21.10.2018 21:00";"54,46";"54,46";"41,57";"41,57"
"1540148400";"21.10.2018 22:00";"40,4";"40,4";"40,4";"40,4"
"1540152000";"21.10.2018 23:00";"38,32";"38,32";"38,32";"38,32"
"1540155600";"22.10.2018 00:00";"35,08";"35,08";"35,08";"35,08"
"1540159200";"22.10.2018 01:00";"24,82";"24,82";"24,82";"24,82"
"1540162800";"22.10.2018 02:00";"20,99";"20,99";"20,99";"20,99"
"1540166400";"22.10.2018 03:00";"19,95";"19,95";"19,95";"19,95"
"1540170000";"22.10.2018 04:00";"21,11";"21,11";"21,11";"21,11"
"1540173600";"22.10.2018 05:00";"25,26";"25,26";"25,26";"25,26"
"1540177200";"22.10.2018 06:00";"39,14";"39,14";"39,14";"39,14"
"1540180800";"22.10.2018 07:00";"47,78";"47,78";"47,78";"47,78"
"1540184400";"22.10.2018 08:00";"56,47";"56,47";"51,94";"51,94"
"1540188000";"22.10.2018 09:00";"58,05";"58,05";"52,94";"52,94"
"1540191600";"22.10.2018 10:00";"56,1";"56,1";"53,25";"53,25"
"1540195200";"22.10.2018 11:00";"62,03";"62,03";"54";"54"
"1540198800";"22.10.2018 12:00";"56,09";"56,09";"53,92";"53,92"
"1540202400";"22.10.2018 13:00";"60,03";"60,03";"50,91";"50,91"
"1540206000";"22.10.2018 14:00";"58,1";"58,1";"50,05";"50,05"
"1540209600";"22.10.2018 15:00";"58,03";"58,03";"49,17";"49,17"
"1540213200";"22.10.2018 16:00";"44,78";"44,78";"44,78";"44,78"
"1540216800";"22.10.2018 17:00";"56,54";"56,54";"44,18";"44,18"
"1540220400";"22.10.2018 18:00";"60,75";"60,75";"49,95";"49,95"
"1540224000";"22.10.2018 19:00";"67,04";"67,04";"50,09";"50,09"
"1540227600";"22.10.2018 20:00";"65,09";"65,09";"49,79";"49,79"
"1540231200";"22.10.2018 21:00";"58";"58";"42,72";"42,72"
"1540234800";"22.10.2018 22:00";"41,6";"41,6";"41,6";"41,6"
"1540238400";"22.10.2018 23:00";"39,43";"39,43";"39,43";"39,43"
"1540242000";"23.10.2018 00:00";"35,01";"35,01";"35,01";"35,01"
"1540245600";"23.10.2018 01:00";"30,36";"30,36";"30,36";"30,36"
"1540249200";"23.10.2018 02:00";"17,38";"17,38";"17,38";"17,38"
"1540252800";"23.10.2018 03:00";"12,1";"12,1";"12,1";"12,1"
"1540256400";"23.10.2018 04:00";"12,96";"12,96";"12,96";"12,96"
"1540260000";"23.10.2018 05:00";"21,8";"21,8";"21,8";"21,8"
"1540263600";"23.10.2018 06:00";"34,92";"34,92";"34,92";"34,92"
"1540267200";"23.10.2018 07:00";"48,49";"48,49";"48,49";"48,49"
"1540270800";"23.10.2018 08:00";"55,07";"55,07";"54,76";"54,76"
"1540274400";"23.10.2018 09:00";"55,01";"55,01";"54";"54"
"1540278000";"23.10.2018 10:00";"55,92";"55,92";"54,27";"54,27"
"1540281600";"23.10.2018 11:00";"50,84";"50,84";"50,84";"50,84"
"1540285200";"23.10.2018 12:00";"50,81";"50,81";"50,81";"50,81"
"1540288800";"23.10.2018 13:00";"50,43";"50,43";"50,43";"50,43"
"1540292400";"23.10.2018 14:00";"50,64";"50,64";"50,64";"50,64"
"1540296000";"23.10.2018 15:00";"50,35";"50,35";"50,35";"50,35"
"1540299600";"23.10.2018 16:00";"52,2";"52,2";"52,2";"52,2"
"1540303200";"23.10.2018 17:00";"51,96";"51,96";"51,96";"51,96"
"1540306800";"23.10.2018 18:00";"53,43";"53,43";"53,43";"53,43"
"1540310400";"23.10.2018 19:00";"57,98";"57,98";"57,98";"57,98"
"1540314000";"23.10.2018 20:00";"56,93";"56,93";"56,93";"56,93"
"1540317600";"23.10.2018 21:00";"46,77";"46,77";"42,56";"42,56"
"1540321200";"23.10.2018 22:00";"38,56";"38,56";"38,56";"38,56"
"1540324800";"23.10.2018 23:00";"36,22";"36,22";"36,22";"36,22"
"1540328400";"24.10.2018 00:00";"30,08";"30,08";"30,08";"30,08"
"1540332000";"24.10.2018 01:00";"26,09";"26,09";"26,09";"26,09"
"1540335600";"24.10.2018 02:00";"29,79";"29,79";"29,79";"29,79"
"1540339200";"24.10.2018 03:00";"29,73";"29,73";"29,73";"29,73"
"1540342800";"24.10.2018 04:00";"28,58";"28,58";"28,58";"28,58"
"1540346400";"24.10.2018 05:00";"29,95";"29,95";"29,95";"29,95"
"1540350000";"24.10.2018 06:00";"38,42";"38,42";"38,42";"38,42"
"1540353600";"24.10.2018 07:00";"46,16";"42,57";"46,16";"46,16"
"1540357200";"24.10.2018 08:00";"50,24";"50,24";"50,24";"50,24"
"1540360800";"24.10.2018 09:00";"51,62";"51,62";"51,62";"51,62"
"1540364400";"24.10.2018 10:00";"51,89";"51,89";"51,89";"51,89"
"1540368000";"24.10.2018 11:00";"51,91";"51,91";"51,91";"51,91"
"1540371600";"24.10.2018 12:00";"51,8";"51,8";"51,8";"51,8"
"1540375200";"24.10.2018 13:00";"51,68";"51,68";"51,45";"51,45"
"1540378800";"24.10.2018 14:00";"51,73";"51,73";"51,46";"51,46"
"1540382400";"24.10.2018 15:00";"50,97";"50,97";"50,68";"50,68"
"1540386000";"24.10.2018 16:00";"50,03";"50,03";"50,03";"50,03"
"1540389600";"24.10.2018 17:00";"51,5";"51,5";"51,5";"51,5"
"1540393200";"24.10.2018 18:00";"58,31";"58,31";"58,31";"58,31"
"1540396800";"24.10.2018 19:00";"65,13";"65,13";"65,13";"65,13"
"1540400400";"24.10.2018 20:00";"63,51";"63,51";"63,51";"63,51"
"1540404000";"24.10.2018 21:00";"60,07";"60,07";"45,4";"45,4"
"1540407600";"24.10.2018 22:00";"50,07";"50,07";"44,28";"44,28"
"1540411200";"24.10.2018 23:00";"42,87";"42,87";"42,87";"42,87"
"1540414800";"25.10.2018 00:00";"41,19";"41,19";"41,19";"41,19"
"1540418400";"25.10.2018 01:00";"40,92";"40,92";"40,92";"40,92"
"1540422000";"25.10.2018 02:00";"38,53";"38,53";"38,53";"38,53"
"1540425600";"25.10.2018 03:00";"37,68";"37,68";"37,68";"37,68"
"1540432800";"25.10.2018 05:00";"38,02";"38,02";"38,02";"38,02"
"1540436400";"25.10.2018 06:00";"38,31";"38,31";"38,31";"38,31"
"1540440000";"25.10.2018 07:00";"40,94";"40,94";"40,94";"40,94"
"1540443600";"25.10.2018 08:00";"50,47";"50,47";"50,47";"50,47"
"1540447200";"25.10.2018 09:00";"55,08";"55,08";"55,08";"55,08"
"1540450800";"25.10.2018 10:00";"56,46";"56,46";"56,46";"56,46"
"1540454400";"25.10.2018 11:00";"56,98";"56,98";"56,98";"56,98"
"1540458000";"25.10.2018 12:00";"54,82";"54,82";"54,82";"54,82"
"1540461600";"25.10.2018 13:00";"54,64";"54,64";"54,64";"54,64"
"1540465200";"25.10.2018 14:00";"54,33";"54,33";"54,33";"54,33"
"1540468800";"25.10.2018 15:00";"54,03";"54,03";"54,03";"54,03"
"1540472400";"25.10.2018 16:00";"53,29";"53,29";"53,29";"53,29"
"1540476000";"25.10.2018 17:00";"52,15";"52,15";"52,15";"52,15"
"1540479600";"25.10.2018 18:00";"52,09";"52,09";"52,09";"52,09"
"1540483200";"25.10.2018 19:00";"55,13";"55,13";"55,13";"55,13"
"1540486800";"25.10.2018 20:00";"60,54";"60,54";"60,54";"60,54"
"1540490400";"25.10.2018 21:00";"60,31";"60,31";"60,31";"60,31"
"1540494000";"25.10.2018 22:00";"54,64";"54,64";"46,81";"46,81"
"1540497600";"25.10.2018 23:00";"52,01";"52,01";"46,14";"46,14"
"1540501200";"26.10.2018 00:00";"45,16";"45,16";"45,16";"45,16"
"1540504800";"26.10.2018 01:00";"44,21";"44,21";"44,21";"44,21"
"1540508400";"26.10.2018 02:00";"44,93";"44,93";"44,93";"44,93"
"1540512000";"26.10.2018 03:00";"44,66";"44,66";"44,66";"44,66"
"1540515600";"26.10.2018 04:00";"44,72";"44,72";"44,72";"44,72"
"1540519200";"26.10.2018 05:00";"45,06";"45,06";"45,06";"45,06"
"1540522800";"26.10.2018 06:00";"45,65";"45,65";"45,65";"45,65"
"1540526400";"26.10.2018 07:00";"48,7";"48,7";"48,7";"48,7"
"1540530000";"26.10.2018 08:00";"67";"67";"67";"67"
"1540533600";"26.10.2018 09:00";"69,78";"75,69";"69,78";"69,78"
"1540537200";"26.10.2018 10:00";"69,76";"80,31";"69,76";"69,76"
"1540540800";"26.10.2018 11:00";"69,75";"77";"69,75";"69,75"
"1540544400";"26.10.2018 12:00";"69,77";"73,42";"69,77";"69,77"
"1540548000";"26.10.2018 13:00";"67,75";"67,75";"67,75";"67,75"
"1540551600";"26.10.2018 14:00";"61,53";"61,53";"54,81";"54,81"
"1540555200";"26.10.2018 15:00";"60,77";"60,77";"51,89";"51,89"
"1540558800";"26.10.2018 16:00";"60,64";"60,64";"51,73";"51,73"
"1540562400";"26.10.2018 17:00";"60,55";"60,55";"53,68";"53,68"
"1540566000";"26.10.2018 18:00";"59,05";"59,05";"56,06";"56,06"
"1540569600";"26.10.2018 19:00";"65,75";"65,75";"65,75";"65,75"
"1540573200";"26.10.2018 20:00";"69,31";"69,31";"69,31";"69,31"
"1540576800";"26.10.2018 21:00";"65,98";"65,98";"65,98";"65,98"
"1540580400";"26.10.2018 22:00";"56,87";"56,87";"47,19";"47,19"
"1540584000";"26.10.2018 23:00";"48,75";"48,75";"46,92";"46,92"
"1540587600";"27.10.2018 00:00";"44,26";"44,26";"44,26";"44,26"
"1540591200";"27.10.2018 01:00";"42,52";"42,52";"42,52";"42,52"
"1540594800";"27.10.2018 02:00";"43,01";"43,01";"43,01";"43,01"
"1540598400";"27.10.2018 03:00";"41,22";"41,22";"41,22";"41,22"
"1540602000";"27.10.2018 04:00";"40,06";"40,06";"40,06";"40,06"
"1540605600";"27.10.2018 05:00";"39,18";"39,18";"39,18";"39,18"
"1540609200";"27.10.2018 06:00";"39,46";"39,46";"39,46";"39,46"
"1540612800";"27.10.2018 07:00";"40,44";"40,44";"40,44";"40,44"
"1540616400";"27.10.2018 08:00";"40,6";"40,6";"40,6";"40,6"
"1540620000";"27.10.2018 09:00";"43,33";"43,33";"43,33";"43,33"
"1540623600";"27.10.2018 10:00";"44,71";"44,71";"44,71";"44,71"
"1540627200";"27.10.2018 11:00";"45,59";"45,59";"45,59";"45,59"
"1540630800";"27.10.2018 12:00";"46";"46";"46";"46"
"1540634400";"27.10.2018 13:00";"46,09";"46,09";"46,09";"46,09"
"1540638000";"27.10.2018 14:00";"45,6";"45,6";"45,6";"45,6"
"1540641600";"27.10.2018 15:00";"45,47";"45,47";"45,47";"45,47"
"1540645200";"27.10.2018 16:00";"45,48";"45,48";"45,48";"45,48"
"1540648800";"27.10.2018 17:00";"45,24";"45,24";"45,24";"45,24"
"1540652400";"27.10.2018 18:00";"46,09";"46,09";"46,09";"46,09"
"1540656000";"27.10.2018 19:00";"56,33";"56,33";"46,78";"46,78"
"1540659600";"27.10.2018 20:00";"66,15";"66,15";"47,22";"47,22"
"1540663200";"27.10.2018 21:00";"66,16";"66,16";"46,77";"46,77"
"1540666800";"27.10.2018 22:00";"59,69";"59,69";"46,08";"46,08"
"1540670400";"27.10.2018 23:00";"46,16";"46,16";"45,71";"45,71"
"1540674000";"28.10.2018 00:00";"45,82";"45,82";"45,82";"45,82"
"1540677600";"28.10.2018 01:00";"44,23";"44,23";"44,23";"44,23"
"1540681200";"28.10.2018 02:00";"44,53";"44,53";"44,53";"44,53"
"1540684800";"28.10.2018 03:00";"43,58";"43,58";"43,58";"43,58"
"1540688400";"28.10.2018 03:00";"41,62";"41,62";"41,62";"41,62"
"1540688460";"28.10.2018 03:01";"41,59";"41,59";"41,59";"41,59"
"1540692000";"28.10.2018 04:00";"40,12";"40,12";"40,12";"40,12"
"1540695600";"28.10.2018 05:00";"40,01";"40,01";"40,01";"40,01"
"1540699200";"28.10.2018 06:00";"40,93";"40,93";"40,93";"40,93"
"1540702800";"28.10.2018 07:00";"41,95";"41,95";"41,95";"41,95"
"1540706400";"28.10.2018 08:00";"43,61";"43,61";"43,61";"43,61"
"1540710000";"28.10.2018 09:00";"45,02";"45,02";"45,02";"45,02"
"1540713600";"28.10.2018 10:00";"45,86";"45,86";"45,86";"45,86"
"1540717200";"28.10.2018 11:00";"47";"47";"47";"47"
"1540720800";"28.10.2018 12:00";"46,87";"46,87";"46,87";"46,87"
"1540724400";"28.10.2018 13:00";"46,25";"46,25";"46,25";"46,25"
"1540728000";"28.10.2018 14:00";"45";"45";"45";"45"
"1540731600";"28.10.2018 15:00";"44,51";"44,51";"44,51";"44,51"
"1540735200";"28.10.2018 16:00";"45,58";"45,58";"45,58";"45,58"
"1540738800";"28.10.2018 17:00";"47,2";"47,2";"47,2";"47,2"
"1540742400";"28.10.2018 18:00";"48,37";"48,37";"48,37";"48,37"
"1540746000";"28.10.2018 19:00";"48,11";"48,11";"48,11";"48,11"
"1540749600";"28.10.2018 20:00";"46,49";"46,49";"46,49";"46,49"
"1540753200";"28.10.2018 21:00";"45";"45";"45";"45"
"1540756800";"28.10.2018 22:00";"44,27";"44,27";"44,27";"44,27"
"1540760400";"28.10.2018 23:00";"42,58";"42,58";"42,58";"42,58"
"1540764000";"29.10.2018 00:00";"41,16";"41,16";"41,16";"41,16"
"1540767600";"29.10.2018 01:00";"40,53";"40,53";"40,53";"40,53"
"1540771200";"29.10.2018 02:00";"39,95";"39,95";"39,95";"39,95"
"1540774800";"29.10.2018 03:00";"39,62";"39,62";"39,62";"39,62"
"1540778400";"29.10.2018 04:00";"39,94";"39,94";"39,94";"39,94"
"1540782000";"29.10.2018 05:00";"40,6";"40,6";"40,6";"40,6"
"1540785600";"29.10.2018 06:00";"43,75";"43,75";"43,75";"43,75"
"1540789200";"29.10.2018 07:00";"50,1";"50,1";"50,1";"50,1"
"1540792800";"29.10.2018 08:00";"62,79";"62,79";"62,79";"62,79"
"1540796400";"29.10.2018 09:00";"61,06";"61,06";"61,06";"61,06"
"1540800000";"29.10.2018 10:00";"59,85";"59,85";"59,85";"59,85"
"1540803600";"29.10.2018 11:00";"59,03";"59,03";"59,03";"59,03"
"1540807200";"29.10.2018 12:00";"59,01";"59,01";"59,01";"59,01"
"1540810800";"29.10.2018 13:00";"59,38";"59,38";"59,38";"59,38"
"1540814400";"29.10.2018 14:00";"59,3";"59,3";"54,03";"54,03"
"1540818000";"29.10.2018 15:00";"58,87";"58,87";"51,69";"51,69"
"1540821600";"29.10.2018 16:00";"57,93";"57,93";"51,14";"51,14"
"1540825200";"29.10.2018 17:00";"59,42";"59,42";"56,08";"56,08"
"1540828800";"29.10.2018 18:00";"59,68";"59,68";"57,99";"57,99"
"1540832400";"29.10.2018 19:00";"59,32";"59,32";"59,08";"59,08"
"1540836000";"29.10.2018 20:00";"57,76";"57,76";"45,63";"45,63"
"1540839600";"29.10.2018 21:00";"44,91";"44,91";"44,91";"44,91"
"1540843200";"29.10.2018 22:00";"43,16";"43,16";"43,16";"43,16"
"1540846800";"29.10.2018 23:00";"41,07";"41,07";"41,07";"41,07"
"1540850400";"30.10.2018 00:00";"39,02";"39,02";"39,02";"39,02"
"1540854000";"30.10.2018 01:00";"39,29";"39,29";"39,29";"39,29"
"1540857600";"30.10.2018 02:00";"37,07";"37,07";"37,07";"37,07"
"1540861200";"30.10.2018 03:00";"37,03";"37,03";"37,03";"37,03"
"1540864800";"30.10.2018 04:00";"37,76";"37,76";"37,76";"37,76"
"1540868400";"30.10.2018 05:00";"39,57";"39,57";"39,57";"39,57"
"1540872000";"30.10.2018 06:00";"41,04";"41,04";"41,04";"41,04"
"1540875600";"30.10.2018 07:00";"43";"43";"43";"43"
"1540879200";"30.10.2018 08:00";"48,66";"48,66";"44,89";"44,89"
"1540882800";"30.10.2018 09:00";"50,97";"50,97";"44,81";"44,81"
"1540886400";"30.10.2018 10:00";"51,91";"51,91";"44,23";"44,23"
"1540890000";"30.10.2018 11:00";"51,41";"51,41";"44,11";"44,11"
"1540893600";"30.10.2018 12:00";"51,85";"51,85";"44,16";"44,16"
"1540897200";"30.10.2018 13:00";"53,35";"53,35";"43,93";"43,93"
"1540900800";"30.10.2018 14:00";"53,12";"53,12";"43,77";"43,77"
"1540904400";"30.10.2018 15:00";"52,59";"52,59";"43,91";"43,91"
"1540908000";"30.10.2018 16:00";"53,67";"53,67";"44,65";"44,65"
"1540911600";"30.10.2018 17:00";"59,39";"59,39";"45,4";"45,4"
"1540915200";"30.10.2018 18:00";"64,61";"64,61";"46,36";"46,36"
"1540918800";"30.10.2018 19:00";"59,21";"59,21";"46,12";"46,12"
"1540922400";"30.10.2018 20:00";"55,09";"55,09";"44,91";"44,91"
"1540926000";"30.10.2018 21:00";"44,02";"44,02";"44,02";"44,02"
"1540929600";"30.10.2018 22:00";"42,81";"42,81";"42,81";"42,81"
"1540933200";"30.10.2018 23:00";"40,33";"40,33";"40,33";"40,33"
"1540936800";"31.10.2018 00:00";"38,66";"38,66";"38,66";"38,66"
"1540940400";"31.10.2018 01:00";"37,26";"37,26";"37,26";"37,26"
"1540944000";"31.10.2018 02:00";"37,04";"37,04";"37,04";"37,04"
"1540947600";"31.10.2018 03:00";"35,06";"35,06";"35,06";"35,06"
"1540951200";"31.10.2018 04:00";"35,21";"35,21";"35,21";"35,21"
"1540954800";"31.10.2018 05:00";"38,45";"38,45";"38,45";"38,45"
"1540958400";"31.10.2018 06:00";"41,55";"40,74";"41,55";"41,55"
"1540962000";"31.10.2018 07:00";"45,06";"45,06";"47,27";"45,06"
"1540965600";"31.10.2018 08:00";"56,17";"56,17";"53,96";"56,17"
"1540969200";"31.10.2018 09:00";"57,56";"57,56";"55,58";"55,58"
"1540972800";"31.10.2018 10:00";"59,38";"59,38";"52,9";"52,9"
"1540976400";"31.10.2018 11:00";"61,1";"61,1";"53,3";"53,3"
"1540980000";"31.10.2018 12:00";"61,88";"61,88";"50,79";"50,79"
"1540983600";"31.10.2018 13:00";"64,41";"64,41";"49,32";"49,32"
"1540987200";"31.10.2018 14:00";"64,47";"64,47";"50,75";"50,75"
"1540990800";"31.10.2018 15:00";"62,79";"62,79";"49,57";"49,57"
"1540994400";"31.10.2018 16:00";"64,49";"64,49";"50,29";"50,29"
"1540998000";"31.10.2018 17:00";"73,64";"73,64";"51,03";"51,03"
"1541001600";"31.10.2018 18:00";"67";"82,07";"53,22";"53,22"
"1541005200";"31.10.2018 19:00";"74,02";"74,02";"53,15";"53,15"
"1541008800";"31.10.2018 20:00";"62,2";"62,2";"45,23";"45,23"
"1541012400";"31.10.2018 21:00";"48,88";"48,88";"44,64";"44,64"
"1541016000";"31.10.2018 22:00";"43,63";"43,63";"43,63";"43,63"
"1541019600";"31.10.2018 23:00";"42,26";"42,26";"42,26";"42,26"
"1541023200";"01.11.2018 00:00";"40,34";"40,34";"40,34";"40,34"
"1541026800";"01.11.2018 01:00";"41,05";"41,05";"41,05";"41,05"
"1541030400";"01.11.2018 02:00";"41,1";"41,1";"41,1";"41,1"
"1541034000";"01.11.2018 03:00";"40,59";"40,59";"40,59";"40,59"
"1541037600";"01.11.2018 04:00";"40,09";"40,09";"40,09";"40,09"
"1541041200";"01.11.2018 05:00";"40,07";"40,07";"40,07";"40,07"
"1541044800";"01.11.2018 06:00";"42,78";"42,78";"42,78";"42,78"
"1541048400";"01.11.2018 07:00";"44,03";"44,03";"44,03";"44,03"
"1541052000";"01.11.2018 08:00";"44,55";"44,55";"44,55";"44,55"
"1541055600";"01.11.2018 09:00";"45,33";"45,33";"45,33";"45,33"
"1541059200";"01.11.2018 10:00";"45,05";"45,05";"45,05";"45,05"
"1541062800";"01.11.2018 11:00";"45,37";"45,37";"45,37";"45,37"
"1541066400";"01.11.2018 12:00";"45,91";"45,91";"45,91";"45,91"
"1541070000";"01.11.2018 13:00";"46,93";"46,93";"46,93";"46,93"
"1541073600";"01.11.2018 14:00";"49,6";"49,6";"49,6";"49,6"
"1541077200";"01.11.2018 15:00";"47,95";"47,95";"47,95";"47,95"
"1541080800";"01.11.2018 16:00";"47,31";"47,31";"47,31";"47,31"
"1541084400";"01.11.2018 17:00";"49,17";"49,17";"49,17";"49,17"
"1541088000";"01.11.2018 18:00";"54,1";"54,1";"54,1";"54,1"
"1541091600";"01.11.2018 19:00";"54,07";"54,07";"54,07";"54,07"
"1541095200";"01.11.2018 20:00";"47,03";"47,03";"47,03";"47,03"
"1541098800";"01.11.2018 21:00";"45,94";"45,94";"45,94";"45,94"
"1541102400";"01.11.2018 22:00";"44,7";"43,81";"44,7";"44,7"
"1541106000";"01.11.2018 23:00";"43,8";"42,06";"43,8";"43,8"
"1541109600";"02.11.2018 00:00";"41,87";"41,06";"41,87";"41,87"
"1541113200";"02.11.2018 01:00";"42,22";"36,4";"42,22";"42,22"
"1541116800";"02.11.2018 02:00";"40,98";"35,53";"40,98";"40,98"
"1541120400";"02.11.2018 03:00";"40,8";"39,03";"40,8";"40,8"
"1541124000";"02.11.2018 04:00";"40,55";"39,08";"40,55";"40,55"
"1541127600";"02.11.2018 05:00";"41,16";"41,16";"41,16";"41,16"
"1541131200";"02.11.2018 06:00";"44,04";"44,04";"44,04";"44,04"
"1541134800";"02.11.2018 07:00";"46,08";"46,08";"46,08";"46,08"
"1541138400";"02.11.2018 08:00";"48,71";"48,71";"48,71";"48,71"
"1541142000";"02.11.2018 09:00";"55,93";"55,93";"51,87";"51,87"
"1541145600";"02.11.2018 10:00";"47,26";"47,26";"47,26";"47,26"
"1541149200";"02.11.2018 11:00";"45,78";"45,78";"45,78";"45,78"
"1541152800";"02.11.2018 12:00";"45,06";"45,06";"45,06";"45,06"
"1541156400";"02.11.2018 13:00";"45,26";"45,26";"45,26";"45,26"
"1541160000";"02.11.2018 14:00";"56,7";"56,7";"46,34";"46,34"
"1541163600";"02.11.2018 15:00";"56,65";"56,65";"47,88";"47,88"
"1541167200";"02.11.2018 16:00";"56,67";"56,67";"47,04";"47,04"
"1541170800";"02.11.2018 17:00";"63,29";"63,29";"47,91";"47,91"
"1541174400";"02.11.2018 18:00";"65,61";"65,61";"49,3";"49,3"
"1541178000";"02.11.2018 19:00";"59,02";"59,02";"47,99";"47,99"
"1541181600";"02.11.2018 20:00";"44,89";"44,89";"44,89";"44,89"
"1541185200";"02.11.2018 21:00";"44,2";"44,2";"44,2";"44,2"
"1541188800";"02.11.2018 22:00";"43,94";"43,94";"43,94";"43,94"
"1541192400";"02.11.2018 23:00";"43,45";"43,45";"43,45";"43,45"
"1541196000";"03.11.2018 00:00";"42,54";"42,54";"42,54";"42,54"
"1541199600";"03.11.2018 01:00";"42,87";"42,87";"42,87";"42,87"
"1541203200";"03.11.2018 02:00";"42,15";"42,15";"42,15";"42,15"
"1541206800";"03.11.2018 03:00";"41,7";"41,7";"41,7";"41,7"
"1541210400";"03.11.2018 04:00";"41,64";"41,64";"41,64";"41,64"
"1541214000";"03.11.2018 05:00";"41,92";"41,92";"41,92";"41,92"
"1541217600";"03.11.2018 06:00";"42,85";"42,85";"42,85";"42,85"
"1541221200";"03.11.2018 07:00";"43,08";"43,08";"43,08";"43,08"
"1541224800";"03.11.2018 08:00";"43,43";"43,43";"43,43";"43,43"
"1541228400";"03.11.2018 09:00";"44,05";"44,05";"44,05";"44,05"
"1541232000";"03.11.2018 10:00";"51,04";"51,04";"44,8";"44,8"
"1541235600";"03.11.2018 11:00";"51,03";"51,03";"44,97";"44,97"
"1541239200";"03.11.2018 12:00";"51,06";"51,06";"44,85";"44,85"
"1541242800";"03.11.2018 13:00";"49,15";"49,15";"44,44";"44,44"
"1541246400";"03.11.2018 14:00";"44,31";"44,31";"44,31";"44,31"
"1541250000";"03.11.2018 15:00";"44,63";"44,63";"44,63";"44,63"
"1541253600";"03.11.2018 16:00";"44,7";"44,7";"44,7";"44,7"
"1541257200";"03.11.2018 17:00";"59,07";"59,07";"45,17";"45,17"
"1541260800";"03.11.2018 18:00";"67,91";"67,91";"45,54";"45,54"
"1541264400";"03.11.2018 19:00";"60,75";"60,75";"45,39";"45,39"
"1541268000";"03.11.2018 20:00";"53,15";"53,15";"44,78";"44,78"
"1541271600";"03.11.2018 21:00";"44,58";"44,58";"44,21";"44,21"
"1541275200";"03.11.2018 22:00";"43,74";"43,74";"43,74";"43,74"
"1541278800";"03.11.2018 23:00";"42,33";"42,33";"42,33";"42,33"
"1541282400";"04.11.2018 00:00";"41,44";"41,44";"41,44";"41,44"
"1541286000";"04.11.2018 01:00";"42,44";"42,44";"42,44";"42,44"
"1541289600";"04.11.2018 02:00";"42,06";"42,06";"42,06";"42,06"
"1541293200";"04.11.2018 03:00";"41,9";"41,9";"41,9";"41,9"
"1541296800";"04.11.2018 04:00";"41,19";"41,19";"41,19";"41,19"
"1541300400";"04.11.2018 05:00";"41,04";"41,04";"41,04";"41,04"
"1541304000";"04.11.2018 06:00";"41,34";"41,34";"41,34";"41,34"
"1541307600";"04.11.2018 07:00";"41,95";"41,95";"41,95";"41,95"
"1541311200";"04.11.2018 08:00";"43,13";"43,13";"43,13";"43,13"
"1541314800";"04.11.2018 09:00";"44,03";"44,03";"44,03";"44,03"
"1541318400";"04.11.2018 10:00";"46,72";"46,72";"44,51";"44,51"
"1541322000";"04.11.2018 11:00";"47,97";"47,97";"44,7";"44,7"
"1541325600";"04.11.2018 12:00";"44,66";"44,66";"44,66";"44,66"
"1541329200";"04.11.2018 13:00";"44,53";"44,53";"44,53";"44,53"
"1541332800";"04.11.2018 14:00";"44,42";"44,42";"44,42";"44,42"
"1541336400";"04.11.2018 15:00";"44,36";"44,36";"44,36";"44,36"
"1541340000";"04.11.2018 16:00";"44,43";"44,43";"44,43";"44,43"
"1541343600";"04.11.2018 17:00";"55,37";"55,37";"44,94";"44,94"
"1541347200";"04.11.2018 18:00";"59,04";"59,04";"45,28";"45,28"
"1541350800";"04.11.2018 19:00";"59,04";"59,04";"45,15";"45,15"
"1541354400";"04.11.2018 20:00";"56,3";"56,3";"44,89";"44,89"
"1541358000";"04.11.2018 21:00";"46,89";"46,89";"44,6";"44,6"
"1541361600";"04.11.2018 22:00";"44,01";"44,01";"44,01";"44,01"
"1541365200";"04.11.2018 23:00";"43,64";"43,64";"43,64";"43,64"
"1541368800";"05.11.2018 00:00";"42,1";"42,1";"42,1";"42,1"
"1541372400";"05.11.2018 01:00";"40,54";"40,54";"40,54";"40,54"
"1541376000";"05.11.2018 02:00";"41,63";"41,07";"41,63";"41,63"
"1541379600";"05.11.2018 03:00";"41,75";"41,15";"41,75";"41,75"
"1541383200";"05.11.2018 04:00";"40,95";"40,95";"40,95";"40,95"
"1541386800";"05.11.2018 05:00";"40,58";"40,58";"40,58";"40,58"
"1541390400";"05.11.2018 06:00";"42,53";"42,53";"42,53";"42,53"
"1541394000";"05.11.2018 07:00";"45,48";"45,48";"45,48";"45,48"
"1541397600";"05.11.2018 08:00";"63,48";"63,48";"49,03";"49,03"
"1541401200";"05.11.2018 09:00";"68,23";"68,23";"51,74";"51,74"
"1541404800";"05.11.2018 10:00";"65,88";"65,88";"49,87";"49,87"
"1541408400";"05.11.2018 11:00";"66,65";"66,65";"51,22";"51,22"
"1541412000";"05.11.2018 12:00";"66,67";"66,67";"51,75";"51,75"
"1541415600";"05.11.2018 13:00";"64,25";"64,25";"51,06";"51,06"
"1541419200";"05.11.2018 14:00";"65,56";"65,56";"50,43";"50,43"
"1541422800";"05.11.2018 15:00";"66,57";"66,57";"50,41";"50,41"
"1541426400";"05.11.2018 16:00";"69,24";"69,24";"51,99";"51,99"
"1541430000";"05.11.2018 17:00";"68,12";"68,12";"61,86";"61,86"
"1541433600";"05.11.2018 18:00";"67,16";"67,16";"50,45";"50,45"
"1541437200";"05.11.2018 19:00";"59,33";"59,33";"48,97";"48,97"
"1541440800";"05.11.2018 20:00";"57,17";"57,17";"47,2";"47,2"
"1541444400";"05.11.2018 21:00";"46,91";"46,91";"46,91";"46,91"
"1541448000";"05.11.2018 22:00";"46,31";"46,31";"46,31";"46,31"
"1541451600";"05.11.2018 23:00";"44,76";"44,76";"44,76";"44,76"
"1541455200";"06.11.2018 00:00";"43";"43";"43";"43"
"1541458800";"06.11.2018 01:00";"42,92";"42,92";"42,92";"42,92"
"1541462400";"06.11.2018 02:00";"40,84";"40,84";"42,39";"40,84"
"1541466000";"06.11.2018 03:00";"40,68";"40,68";"42,23";"40,68"
"1541469600";"06.11.2018 04:00";"40,85";"40,85";"42,14";"40,85"
"1541473200";"06.11.2018 05:00";"42,52";"42,52";"42,52";"42,52"
"1541476800";"06.11.2018 06:00";"45,29";"45,29";"45,29";"45,29"
"1541480400";"06.11.2018 07:00";"55,73";"55,73";"49,66";"49,66"
"1541484000";"06.11.2018 08:00";"66,32";"66,32";"54,92";"54,92"
"1541487600";"06.11.2018 09:00";"68,42";"68,42";"56,93";"56,93"
"1541491200";"06.11.2018 10:00";"66,61";"66,61";"50,58";"50,58"
"1541494800";"06.11.2018 11:00";"63,16";"63,16";"49,71";"49,71"
"1541498400";"06.11.2018 12:00";"63,03";"63,03";"49,73";"49,73"
"1541502000";"06.11.2018 13:00";"63";"63";"49,93";"49,93"
"1541505600";"06.11.2018 14:00";"63,05";"63,05";"52";"52"
"1541509200";"06.11.2018 15:00";"63,14";"63,14";"51,94";"51,94"
"1541512800";"06.11.2018 16:00";"64,34";"64,34";"55,98";"55,98"
"1541516400";"06.11.2018 17:00";"66,89";"66,89";"66,89";"66,89"
"1541520000";"06.11.2018 18:00";"74,68";"74,68";"74,68";"74,68"
"1541523600";"06.11.2018 19:00";"72,94";"72,94";"72,94";"72,94"
"1541527200";"06.11.2018 20:00";"69,26";"69,26";"52,06";"52,06"
"1541530800";"06.11.2018 21:00";"57,84";"57,84";"47,26";"47,26"
"1541534400";"06.11.2018 22:00";"46,6";"46,6";"46,6";"46,6"
"1541538000";"06.11.2018 23:00";"45,58";"45,58";"45,58";"45,58"
"1541541600";"07.11.2018 00:00";"43";"43";"43,87";"43"
"1541545200";"07.11.2018 01:00";"41,72";"41,72";"43,45";"41,72"
"1541548800";"07.11.2018 02:00";"42,02";"42,02";"42,51";"42,02"
"1541552400";"07.11.2018 03:00";"40,78";"40,78";"41,59";"40,78"
"1541556000";"07.11.2018 04:00";"40,64";"40,64";"40,64";"40,64"
"1541559600";"07.11.2018 05:00";"41,77";"41,77";"41,77";"41,77"
"1541563200";"07.11.2018 06:00";"43,77";"43,77";"43,77";"43,77"
"1541566800";"07.11.2018 07:00";"49,57";"49,57";"49,57";"49,57"
"1541570400";"07.11.2018 08:00";"60,38";"60,38";"60,38";"60,38"
"1541574000";"07.11.2018 09:00";"62,64";"62,64";"62,64";"62,64"
"1541577600";"07.11.2018 10:00";"61,5";"61,5";"54,87";"54,87"
"1541581200";"07.11.2018 11:00";"60,08";"60,08";"50,48";"50,48"
"1541584800";"07.11.2018 12:00";"58,36";"58,36";"50,62";"50,62"
"1541588400";"07.11.2018 13:00";"58,35";"58,35";"53,54";"53,54"
"1541592000";"07.11.2018 14:00";"60,03";"60,03";"58,98";"58,98"
"1541595600";"07.11.2018 15:00";"61,29";"61,43";"58,95";"58,95"
"1541599200";"07.11.2018 16:00";"64,04";"64,04";"64,04";"64,04"
"1541602800";"07.11.2018 17:00";"67,7";"67,7";"67,7";"67,7"
"1541606400";"07.11.2018 18:00";"70,99";"70,99";"70,99";"70,99"
"1541610000";"07.11.2018 19:00";"68,61";"68,61";"68,61";"68,61"
"1541613600";"07.11.2018 20:00";"61,3";"64,46";"55,41";"55,41"
"1541617200";"07.11.2018 21:00";"60,74";"60,74";"46,74";"46,74"
"1541620800";"07.11.2018 22:00";"46,82";"46,82";"46,82";"46,82"
"1541624400";"07.11.2018 23:00";"44,79";"44,79";"44,79";"44,79"
"1541628000";"08.11.2018 00:00";"43,53";"43,53";"43,53";"43,53"
"1541631600";"08.11.2018 01:00";"43,73";"43,73";"43,73";"43,73"
"1541635200";"08.11.2018 02:00";"43,33";"43,33";"43,33";"43,33"
"1541638800";"08.11.2018 03:00";"42,89";"42,89";"42,89";"42,89"
"1541642400";"08.11.2018 04:00";"42,92";"42,92";"42,92";"42,92"
"1541646000";"08.11.2018 05:00";"43,5";"43,5";"43,5";"43,5"
"1541649600";"08.11.2018 06:00";"45,66";"45,66";"45,66";"45,66"
"1541653200";"08.11.2018 07:00";"53,54";"53,54";"53,54";"53,54"
"1541656800";"08.11.2018 08:00";"67";"67";"58,92";"58,92"
"1541660400";"08.11.2018 09:00";"68,95";"68,95";"68,95";"68,95"
"1541664000";"08.11.2018 10:00";"68,82";"68,82";"50,56";"50,56"
"1541667600";"08.11.2018 11:00";"67,71";"67,71";"48,3";"48,3"
"1541671200";"08.11.2018 12:00";"65,81";"65,81";"48,75";"48,75"
"1541674800";"08.11.2018 13:00";"64,97";"64,97";"50,96";"50,96"
"1541678400";"08.11.2018 14:00";"65,06";"65,06";"59,57";"59,57"
"1541682000";"08.11.2018 15:00";"67,49";"67,49";"60,99";"60,99"
"1541685600";"08.11.2018 16:00";"68,49";"68,49";"68,49";"68,49"
"1541689200";"08.11.2018 17:00";"72,63";"72,63";"72,63";"72,63"
"1541692800";"08.11.2018 18:00";"92,18";"92,18";"92,18";"92,18"
"1541696400";"08.11.2018 19:00";"90,06";"90,06";"90,06";"90,06"
"1541700000";"08.11.2018 20:00";"69,57";"75,82";"49,11";"49,11"
"1541703600";"08.11.2018 21:00";"67,41";"67,41";"47,85";"47,85"
"1541707200";"08.11.2018 22:00";"59,16";"59,16";"47,28";"47,28"
"1541710800";"08.11.2018 23:00";"45,02";"45,02";"45,02";"45,02"
"1541714400";"09.11.2018 00:00";"43,84";"43,84";"43,84";"43,84"
"1541718000";"09.11.2018 01:00";"44,8";"44,8";"44,8";"44,8"
"1541721600";"09.11.2018 02:00";"44,14";"44,14";"44,14";"44,14"
"1541725200";"09.11.2018 03:00";"43,66";"43,66";"43,66";"43,66"
"1541728800";"09.11.2018 04:00";"43,7";"43,7";"43,7";"43,7"
"1541732400";"09.11.2018 05:00";"44,08";"44,08";"44,08";"44,08"
"1541736000";"09.11.2018 06:00";"46,1";"46,1";"46,1";"46,1"
"1541739600";"09.11.2018 07:00";"59,69";"59,69";"47,3";"47,3"
"1541743200";"09.11.2018 08:00";"62,68";"69,06";"55,12";"55,12"
"1541746800";"09.11.2018 09:00";"62,68";"72,56";"58,92";"58,92"
"1541750400";"09.11.2018 10:00";"62,7";"66,3";"50,94";"50,94"
"1541754000";"09.11.2018 11:00";"62,69";"66,07";"49,92";"49,92"
"1541757600";"09.11.2018 12:00";"64,41";"64,41";"49,53";"49,53"
"1541761200";"09.11.2018 13:00";"62,22";"62,22";"50,45";"50,45"
"1541764800";"09.11.2018 14:00";"62,6";"62,6";"52,94";"52,94"
"1541768400";"09.11.2018 15:00";"62,07";"62,07";"52,42";"52,42"
"1541772000";"09.11.2018 16:00";"63,26";"63,26";"54,91";"54,91"
"1541775600";"09.11.2018 17:00";"62,68";"65,78";"54,94";"54,94"
"1541779200";"09.11.2018 18:00";"62,7";"69,72";"53,92";"53,92"
"1541782800";"09.11.2018 19:00";"62,68";"66,53";"51,13";"51,13"
"1541786400";"09.11.2018 20:00";"62,06";"62,06";"46,94";"46,94"
"1541790000";"09.11.2018 21:00";"53,83";"53,83";"45,62";"45,62"
"1541793600";"09.11.2018 22:00";"45,38";"45,38";"45,38";"45,38"
"1541797200";"09.11.2018 23:00";"44,26";"44,26";"44,26";"44,26"
"1541800800";"10.11.2018 00:00";"42,71";"42,71";"42,71";"42,71"
"1541804400";"10.11.2018 01:00";"42,69";"42,69";"42,69";"42,69"
"1541808000";"10.11.2018 02:00";"41,48";"41,48";"41,48";"41,48"
"1541811600";"10.11.2018 03:00";"40,49";"40,49";"40,49";"40,49"
"1541815200";"10.11.2018 04:00";"40,03";"40,03";"40,03";"40,03"
"1541818800";"10.11.2018 05:00";"40,03";"40,03";"40,03";"40,03"
"1541822400";"10.11.2018 06:00";"40,95";"40,95";"40,95";"40,95"
"1541826000";"10.11.2018 07:00";"41,54";"41,54";"41,54";"41,54"
"1541829600";"10.11.2018 08:00";"42,23";"42,23";"42,23";"42,23"
"1541833200";"10.11.2018 09:00";"50,8";"50,8";"42,71";"50,8"
"1541836800";"10.11.2018 10:00";"58,74";"58,74";"43,23";"58,74"
"1541840400";"10.11.2018 11:00";"59,86";"59,86";"43,69";"51,97"
"1541844000";"10.11.2018 12:00";"59,86";"59,86";"43,75";"51,93"
"1541847600";"10.11.2018 13:00";"59,43";"59,43";"43,74";"51,95"
"1541851200";"10.11.2018 14:00";"58,73";"58,73";"42,87";"51,94"
"1541854800";"10.11.2018 15:00";"58,73";"58,73";"43,99";"51,99"
"1541858400";"10.11.2018 16:00";"58,05";"58,05";"44,49";"58,05"
"1541862000";"10.11.2018 17:00";"61,61";"61,61";"45,16";"61,61"
"1541865600";"10.11.2018 18:00";"61,6";"64,63";"45,89";"61,6"
"1541869200";"10.11.2018 19:00";"58,78";"58,78";"45,32";"58,78"
"1541872800";"10.11.2018 20:00";"55,74";"55,74";"44,35";"44,35"
"1541876400";"10.11.2018 21:00";"50,18";"50,18";"42,93";"42,93"
"1541880000";"10.11.2018 22:00";"41,21";"41,21";"41,21";"41,21"
"1541883600";"10.11.2018 23:00";"41,19";"41,19";"41,19";"41,19"
"1541887200";"11.11.2018 00:00";"39,58";"39,58";"39,58";"39,58"
"1541890800";"11.11.2018 01:00";"40,12";"40,12";"40,12";"40,12"
"1541894400";"11.11.2018 02:00";"38,35";"38,35";"38,35";"38,35"
"1541898000";"11.11.2018 03:00";"37,93";"37,93";"37,93";"37,93"
"1541901600";"11.11.2018 04:00";"35,84";"35,84";"35,84";"35,84"
"1541905200";"11.11.2018 05:00";"34,89";"34,89";"34,89";"34,89"
"1541908800";"11.11.2018 06:00";"34,98";"34,98";"34,98";"34,98"
"1541912400";"11.11.2018 07:00";"35,93";"35,93";"35,93";"35,93"
"1541916000";"11.11.2018 08:00";"37,98";"37,98";"37,98";"37,98"
"1541919600";"11.11.2018 09:00";"41,37";"41,37";"40,05";"41,37"
"1541923200";"11.11.2018 10:00";"41,49";"41,49";"41,26";"41,49"
"1541926800";"11.11.2018 11:00";"42,08";"42,08";"42,08";"42,08"
"1541930400";"11.11.2018 12:00";"43,38";"43,38";"42,25";"43,38"
"1541934000";"11.11.2018 13:00";"44,21";"44,21";"41,14";"44,21"
"1541937600";"11.11.2018 14:00";"41,59";"41,59";"40,36";"41,59"
"1541941200";"11.11.2018 15:00";"42,18";"42,18";"40,85";"42,18"
"1541944800";"11.11.2018 16:00";"42,38";"42,38";"42,38";"42,38"
"1541948400";"11.11.2018 17:00";"44,78";"44,78";"44,75";"44,78"
"1541952000";"11.11.2018 18:00";"48,85";"48,85";"45,63";"48,85"
"1541955600";"11.11.2018 19:00";"49,15";"49,15";"45,12";"49,15"
"1541959200";"11.11.2018 20:00";"46,65";"46,65";"43,85";"46,65"
"1541962800";"11.11.2018 21:00";"44,24";"44,24";"43,04";"44,24"
"1541966400";"11.11.2018 22:00";"41,64";"41,64";"41,64";"41,64"
"1541970000";"11.11.2018 23:00";"41,68";"41,68";"41,68";"41,68"
"1541973600";"12.11.2018 00:00";"38,58";"38,58";"38,58";"38,58"
"1541977200";"12.11.2018 01:00";"36,1";"36,1";"36,1";"36,1"
"1541980800";"12.11.2018 02:00";"37,8";"37,8";"37,8";"37,8"
"1541984400";"12.11.2018 03:00";"38,26";"38,26";"38,26";"38,26"
"1541988000";"12.11.2018 04:00";"39,2";"39,2";"39,2";"39,2"
"1541991600";"12.11.2018 05:00";"39,05";"39,05";"39,05";"39,05"
"1541995200";"12.11.2018 06:00";"43,07";"43,07";"43,07";"43,07"
"1541998800";"12.11.2018 07:00";"46,41";"46,41";"46,41";"46,41"
"1542002400";"12.11.2018 08:00";"47,99";"47,99";"47,99";"47,99"
"1542006000";"12.11.2018 09:00";"48,57";"48,57";"48,57";"48,57"
"1542009600";"12.11.2018 10:00";"51,98";"51,98";"47,65";"51,98"
"1542013200";"12.11.2018 11:00";"51,95";"51,95";"47,1";"51,95"
"1542016800";"12.11.2018 12:00";"51,98";"51,98";"47";"51,98"
"1542020400";"12.11.2018 13:00";"52,77";"52,77";"47,27";"52,77"
"1542024000";"12.11.2018 14:00";"52,77";"52,77";"47,87";"52,77"
"1542027600";"12.11.2018 15:00";"52,49";"52,49";"47,41";"52,49"
"1542031200";"12.11.2018 16:00";"52,38";"52,38";"48,14";"52,38"
"1542034800";"12.11.2018 17:00";"53,14";"53,14";"48,91";"53,14"
"1542038400";"12.11.2018 18:00";"53,27";"53,27";"49,01";"53,27"
"1542042000";"12.11.2018 19:00";"53,01";"53,01";"48,35";"53,01"
"1542045600";"12.11.2018 20:00";"52,02";"52,02";"47,01";"52,02"
"1542049200";"12.11.2018 21:00";"46,48";"46,48";"46,48";"46,48"
"1542052800";"12.11.2018 22:00";"45,78";"45,78";"45,78";"45,78"
"1542056400";"12.11.2018 23:00";"44,25";"44,25";"44,25";"44,25"
"1542060000";"13.11.2018 00:00";"41,81";"41,81";"41,81";"41,81"
"1542063600";"13.11.2018 01:00";"42,87";"42,87";"42,87";"42,87"
"1542067200";"13.11.2018 02:00";"42,62";"42,62";"42,62";"42,62"
"1542070800";"13.11.2018 03:00";"42,5";"42,5";"42,5";"42,5"
"1542074400";"13.11.2018 04:00";"42,48";"42,48";"42,48";"42,48"
"1542078000";"13.11.2018 05:00";"42,93";"42,93";"42,93";"42,93"
"1542081600";"13.11.2018 06:00";"44,98";"44,98";"44,98";"44,98"
"1542085200";"13.11.2018 07:00";"51,01";"51,01";"49,66";"51,01"
"1542088800";"13.11.2018 08:00";"58,25";"58,25";"50,88";"58,25"
"1542092400";"13.11.2018 09:00";"59,31";"59,31";"51,39";"59,31"
"1542096000";"13.11.2018 10:00";"60,03";"60,03";"50,39";"60,03"
"1542099600";"13.11.2018 11:00";"59,6";"59,6";"49,91";"59,6"
"1542103200";"13.11.2018 12:00";"56,85";"56,85";"49,78";"56,85"
"1542106800";"13.11.2018 13:00";"58";"58";"48,52";"58"
"1542110400";"13.11.2018 14:00";"59,2";"59,2";"49,25";"59,2"
"1542114000";"13.11.2018 15:00";"57,4";"57,4";"50,29";"57,4"
"1542117600";"13.11.2018 16:00";"56,88";"56,88";"51,09";"56,88"
"1542121200";"13.11.2018 17:00";"59,87";"59,87";"51,77";"59,87"
"1542124800";"13.11.2018 18:00";"60,08";"60,08";"52,06";"60,08"
"1542128400";"13.11.2018 19:00";"59,28";"59,28";"51,7";"59,28"
"1542132000";"13.11.2018 20:00";"56,89";"56,89";"50,35";"56,89"
"1542135600";"13.11.2018 21:00";"52,86";"52,86";"48,05";"52,86"
"1542139200";"13.11.2018 22:00";"46,69";"46,69";"46,69";"46,69"
"1542142800";"13.11.2018 23:00";"45,52";"45,52";"45,52";"45,52"
"1542146400";"14.11.2018 00:00";"43,68";"43,68";"43,68";"43,68"
"1542150000";"14.11.2018 01:00";"43,14";"43,14";"43,14";"43,14"
"1542153600";"14.11.2018 02:00";"43,13";"43,13";"43,13";"43,13"
"1542157200";"14.11.2018 03:00";"43,15";"43,15";"43,15";"43,15"
"1542160800";"14.11.2018 04:00";"44,2";"44,2";"44,2";"44,2"
"1542164400";"14.11.2018 05:00";"44,94";"44,94";"44,94";"44,94"
"1542168000";"14.11.2018 06:00";"46,97";"46,97";"46,97";"46,97"
"1542171600";"14.11.2018 07:00";"53,39";"53,39";"52,42";"53,39"
"1542175200";"14.11.2018 08:00";"62,73";"62,73";"58,79";"62,73"
"1542178800";"14.11.2018 09:00";"63";"63";"59,85";"63"
"1542182400";"14.11.2018 10:00";"65,42";"65,42";"54,25";"65,42"
"1542186000";"14.11.2018 11:00";"65,53";"65,53";"52,72";"65,53"
"1542189600";"14.11.2018 12:00";"64,45";"64,45";"53,9";"64,45"
"1542193200";"14.11.2018 13:00";"62,78";"62,78";"55,4";"62,78"
"1542196800";"14.11.2018 14:00";"63,75";"63,75";"59,81";"63,75"
"1542200400";"14.11.2018 15:00";"64,32";"64,32";"59,13";"64,32"
"1542204000";"14.11.2018 16:00";"68,42";"68,42";"66,8";"68,42"
"1542207600";"14.11.2018 17:00";"72,2";"72,2";"69,99";"72,2"
"1542211200";"14.11.2018 18:00";"81,47";"81,47";"69,13";"81,47"
"1542214800";"14.11.2018 19:00";"76,29";"76,29";"69,94";"76,29"
"1542218400";"14.11.2018 20:00";"73,1";"73,1";"52,02";"73,1"
"1542222000";"14.11.2018 21:00";"62,72";"62,72";"48,66";"62,72"
"1542225600";"14.11.2018 22:00";"48,2";"48,2";"48,2";"48,2"
"1542229200";"14.11.2018 23:00";"46,69";"46,69";"46,69";"46,69"
"1542232800";"15.11.2018 00:00";"45,18";"45,18";"45,18";"45,18"
"1542236400";"15.11.2018 01:00";"44,76";"44,76";"44,76";"44,76"
"1542240000";"15.11.2018 02:00";"44,07";"44,07";"44,07";"44,07"
"1542243600";"15.11.2018 03:00";"43,77";"43,77";"43,77";"43,77"
"1542247200";"15.11.2018 04:00";"43,52";"43,52";"43,52";"43,52"
"1542250800";"15.11.2018 05:00";"44,67";"44,67";"44,67";"44,67"
"1542254400";"15.11.2018 06:00";"47,05";"47,05";"46,18";"47,05"
"1542258000";"15.11.2018 07:00";"55,81";"55,81";"47,28";"55,81"
"1542261600";"15.11.2018 08:00";"71,41";"71,41";"48,47";"71,41"
"1542265200";"15.11.2018 09:00";"72,66";"72,66";"48,8";"72,66"
"1542268800";"15.11.2018 10:00";"73,27";"73,27";"47,96";"73,27"
"1542272400";"15.11.2018 11:00";"69,88";"69,88";"47,68";"69,88"
"1542276000";"15.11.2018 12:00";"66,76";"66,76";"47,53";"66,76"
"1542279600";"15.11.2018 13:00";"67,19";"67,19";"47,95";"67,19"
"1542283200";"15.11.2018 14:00";"65,89";"65,89";"48,43";"65,89"
"1542286800";"15.11.2018 15:00";"66,79";"66,79";"48,59";"66,79"
"1542290400";"15.11.2018 16:00";"71,35";"71,35";"48,93";"71,35"
"1542294000";"15.11.2018 17:00";"72,69";"72,69";"49,52";"72,69"
"1542297600";"15.11.2018 18:00";"79,7";"79,7";"49,61";"79,7"
"1542301200";"15.11.2018 19:00";"71,34";"71,34";"49,18";"71,34"
"1542304800";"15.11.2018 20:00";"63,08";"63,08";"48,11";"63,08"
"1542308400";"15.11.2018 21:00";"58,01";"58,01";"47,41";"50,85"
"1542312000";"15.11.2018 22:00";"47,21";"47,21";"47,21";"47,21"
"1542315600";"15.11.2018 23:00";"46,02";"46,02";"46,02";"46,02"
"1542319200";"16.11.2018 00:00";"44,99";"44,99";"44,99";"44,99"
"1542322800";"16.11.2018 01:00";"44,88";"44,88";"44,88";"44,88"
"1542326400";"16.11.2018 02:00";"44,41";"44,41";"44,41";"44,41"
"1542330000";"16.11.2018 03:00";"44,05";"44,05";"44,05";"44,05"
"1542333600";"16.11.2018 04:00";"44,19";"44,19";"44,19";"44,19"
"1542337200";"16.11.2018 05:00";"44,66";"44,66";"44,66";"44,66"
"1542340800";"16.11.2018 06:00";"46,45";"46,45";"46,45";"46,45"
"1542344400";"16.11.2018 07:00";"56,15";"56,15";"47,42";"50,39"
"1542348000";"16.11.2018 08:00";"64,94";"64,94";"48,76";"64,94"
"1542351600";"16.11.2018 09:00";"70,06";"70,06";"49,18";"70,06"
"1542355200";"16.11.2018 10:00";"67,11";"67,11";"48,38";"67,11"
"1542358800";"16.11.2018 11:00";"67,51";"67,51";"47,82";"67,51"
"1542362400";"16.11.2018 12:00";"61,97";"61,97";"47,72";"61,97"
"1542366000";"16.11.2018 13:00";"60,26";"60,26";"47,7";"60,26"
"1542369600";"16.11.2018 14:00";"61,83";"61,83";"47,93";"61,83"
"1542373200";"16.11.2018 15:00";"65,25";"65,25";"47,92";"65,25"
"1542376800";"16.11.2018 16:00";"66,05";"66,05";"48,12";"66,05"
"1542380400";"16.11.2018 17:00";"68,29";"68,29";"48,55";"68,29"
"1542384000";"16.11.2018 18:00";"67,76";"67,76";"48,75";"67,76"
"1542387600";"16.11.2018 19:00";"58,47";"58,47";"48,31";"58,47"
"1542391200";"16.11.2018 20:00";"58,41";"58,41";"47";"50,37"
"1542394800";"16.11.2018 21:00";"55,49";"55,49";"46,08";"46,08"
"1542398400";"16.11.2018 22:00";"45,77";"45,77";"45,77";"45,77"
"1542402000";"16.11.2018 23:00";"45,23";"45,23";"45,23";"45,23"
"1542405600";"17.11.2018 00:00";"43,8";"43,8";"43,8";"43,8"
"1542409200";"17.11.2018 01:00";"43,71";"43,71";"43,71";"43,71"
"1542412800";"17.11.2018 02:00";"39,38";"39,38";"39,38";"39,38"
"1542416400";"17.11.2018 03:00";"42,87";"42,87";"42,87";"42,87"
"1542420000";"17.11.2018 04:00";"42,03";"42,03";"42,03";"42,03"
"1542423600";"17.11.2018 05:00";"42,87";"42,87";"42,87";"42,87"
"1542427200";"17.11.2018 06:00";"42,18";"42,18";"42,18";"42,18"
"1542430800";"17.11.2018 07:00";"44,22";"44,22";"44,22";"44,22"
"1542434400";"17.11.2018 08:00";"45,2";"45,2";"45,2";"45,2"
"1542438000";"17.11.2018 09:00";"57,38";"57,38";"46,15";"57,38"
"1542441600";"17.11.2018 10:00";"59,98";"59,98";"46,9";"59,98"
"1542445200";"17.11.2018 11:00";"59,98";"59,98";"46,82";"59,98"
"1542448800";"17.11.2018 12:00";"59,97";"59,97";"46,9";"59,97"
"1542452400";"17.11.2018 13:00";"59,96";"59,96";"46,4";"59,96"
"1542456000";"17.11.2018 14:00";"59,93";"59,93";"46,4";"59,93"
"1542459600";"17.11.2018 15:00";"59,51";"59,51";"46,89";"59,51"
"1542463200";"17.11.2018 16:00";"59,99";"59,99";"48,2";"59,99"
"1542466800";"17.11.2018 17:00";"70,02";"70,02";"49,46";"70,02"
"1542470400";"17.11.2018 18:00";"70,01";"70,01";"49,99";"70,01"
"1542474000";"17.11.2018 19:00";"60,68";"60,68";"49,67";"60,68"
"1542477600";"17.11.2018 20:00";"59,92";"59,92";"48,45";"59,92"
"1542481200";"17.11.2018 21:00";"56,05";"56,05";"47,44";"56,05"
"1542484800";"17.11.2018 22:00";"47,02";"47,02";"47,02";"47,02"
"1542488400";"17.11.2018 23:00";"46,92";"46,92";"46,92";"46,92"
"1542492000";"18.11.2018 00:00";"45,39";"45,39";"45,39";"45,39"
"1542495600";"18.11.2018 01:00";"46,2";"46,2";"46,2";"46,2"
"1542499200";"18.11.2018 02:00";"43,9";"43,9";"43,9";"43,9"
"1542502800";"18.11.2018 03:00";"42,94";"42,94";"42,94";"42,94"
"1542506400";"18.11.2018 04:00";"43,93";"43,93";"43,93";"43,93"
"1542510000";"18.11.2018 05:00";"44,28";"44,28";"44,28";"44,28"
"1542513600";"18.11.2018 06:00";"43,8";"43,8";"43,8";"43,8"
"1542517200";"18.11.2018 07:00";"44,9";"44,9";"44,9";"44,9"
"1542520800";"18.11.2018 08:00";"45,51";"45,51";"45,51";"45,51"
"1542524400";"18.11.2018 09:00";"46,36";"46,36";"46,36";"46,36"
"1542528000";"18.11.2018 10:00";"49,92";"49,92";"47,99";"47,99"
"1542531600";"18.11.2018 11:00";"48,75";"48,75";"47,96";"47,96"
"1542535200";"18.11.2018 12:00";"51,97";"51,97";"48,4";"48,4"
"1542538800";"18.11.2018 13:00";"48,95";"48,95";"48,95";"48,95"
"1542542400";"18.11.2018 14:00";"48,27";"48,27";"48,27";"48,27"
"1542546000";"18.11.2018 15:00";"48,4";"48,4";"48,4";"48,4"
"1542549600";"18.11.2018 16:00";"51,03";"51,03";"49,91";"50,13"
"1542553200";"18.11.2018 17:00";"58,09";"58,09";"50,93";"50,93"
"1542556800";"18.11.2018 18:00";"59,18";"59,18";"52,39";"52,39"
"1542560400";"18.11.2018 19:00";"57,91";"57,91";"51,9";"51,9"
"1542564000";"18.11.2018 20:00";"56,84";"56,84";"49,52";"49,52"
"1542567600";"18.11.2018 21:00";"52,37";"52,37";"46,96";"46,96"
"1542571200";"18.11.2018 22:00";"46,15";"46,15";"46,15";"46,15"
"1542574800";"18.11.2018 23:00";"46,47";"46,47";"46,47";"46,47"
"1542578400";"19.11.2018 00:00";"44,16";"44,16";"44,16";"44,16"
"1542582000";"19.11.2018 01:00";"41,97";"41,97";"41,97";"41,97"
"1542585600";"19.11.2018 02:00";"41,71";"41,71";"41,71";"41,71"
"1542589200";"19.11.2018 03:00";"40,13";"40,13";"40,13";"40,13"
"1542592800";"19.11.2018 04:00";"39,91";"39,91";"39,91";"39,91"
"1542596400";"19.11.2018 05:00";"41,55";"41,55";"41,55";"41,55"
"1542600000";"19.11.2018 06:00";"45,62";"45,62";"45,62";"45,62"
"1542603600";"19.11.2018 07:00";"49,48";"49,48";"49,48";"49,48"
"1542607200";"19.11.2018 08:00";"53,69";"53,69";"53,69";"53,69"
"1542610800";"19.11.2018 09:00";"55,96";"55,96";"55,96";"55,96"
"1542614400";"19.11.2018 10:00";"53,17";"53,17";"53,17";"53,17"
"1542618000";"19.11.2018 11:00";"52,28";"52,28";"52,28";"52,28"
"1542621600";"19.11.2018 12:00";"51,97";"51,97";"51,97";"51,97"
"1542625200";"19.11.2018 13:00";"54,01";"54,01";"51,5";"54,01"
"1542628800";"19.11.2018 14:00";"55,13";"55,13";"55,13";"55,13"
"1542632400";"19.11.2018 15:00";"54,57";"54,57";"54,57";"54,57"
"1542636000";"19.11.2018 16:00";"57,19";"57,19";"57,19";"57,19"
"1542639600";"19.11.2018 17:00";"61,95";"61,95";"61,95";"61,95"
"1542643200";"19.11.2018 18:00";"59,91";"59,91";"58,02";"59,91"
"1542646800";"19.11.2018 19:00";"58,41";"58,41";"54,56";"58,41"
"1542650400";"19.11.2018 20:00";"51,54";"51,54";"51,18";"51,54"
"1542654000";"19.11.2018 21:00";"47,56";"47,56";"47,56";"47,56"
"1542657600";"19.11.2018 22:00";"46,21";"46,21";"46,21";"46,21"
"1542661200";"19.11.2018 23:00";"44,64";"44,64";"44,64";"44,64"
"1542664800";"20.11.2018 00:00";"40,6";"40,6";"40,6";"40,6"
"1542668400";"20.11.2018 01:00";"39,1";"39,1";"39,1";"39,1"
"1542672000";"20.11.2018 02:00";"37,01";"37,01";"37,01";"37,01"
"1542675600";"20.11.2018 03:00";"37,83";"37,83";"37,83";"37,83"
"1542679200";"20.11.2018 04:00";"37,06";"37,06";"37,06";"37,06"
"1542682800";"20.11.2018 05:00";"40,14";"40,14";"40,14";"40,14"
"1542686400";"20.11.2018 06:00";"44,03";"44,03";"44,03";"44,03"
"1542690000";"20.11.2018 07:00";"48,31";"48,31";"48,31";"48,31"
"1542693600";"20.11.2018 08:00";"52,38";"52,38";"52,38";"52,38"
"1542697200";"20.11.2018 09:00";"54,08";"54,08";"51,73";"51,73"
"1542700800";"20.11.2018 10:00";"56,38";"56,38";"49,78";"56,38"
"1542704400";"20.11.2018 11:00";"55,66";"55,66";"48,94";"55,66"
"1542708000";"20.11.2018 12:00";"56,7";"56,7";"48,78";"48,78"
"1542711600";"20.11.2018 13:00";"57,09";"57,09";"48,44";"48,44"
"1542715200";"20.11.2018 14:00";"57,24";"57,24";"51,23";"51,23"
"1542718800";"20.11.2018 15:00";"56,41";"56,41";"50,99";"50,99"
"1542722400";"20.11.2018 16:00";"56,77";"56,77";"52,39";"56,77"
"1542726000";"20.11.2018 17:00";"58,44";"58,44";"52,88";"52,88"
"1542729600";"20.11.2018 18:00";"58,69";"58,69";"52,28";"52,28"
"1542733200";"20.11.2018 19:00";"58,55";"58,55";"51,62";"51,62"
"1542736800";"20.11.2018 20:00";"54,53";"54,53";"50,63";"50,63"
"1542740400";"20.11.2018 21:00";"53,03";"53,03";"49,46";"49,46"
"1542744000";"20.11.2018 22:00";"48,86";"48,86";"48,86";"48,86"
"1542747600";"20.11.2018 23:00";"47,12";"47,12";"47,12";"47,12"
"1542751200";"21.11.2018 00:00";"44,65";"44,65";"44,65";"44,65"
"1542754800";"21.11.2018 01:00";"44,52";"44,52";"44,52";"44,52"
"1542758400";"21.11.2018 02:00";"42,83";"42,83";"42,83";"42,83"
"1542762000";"21.11.2018 03:00";"42,43";"42,43";"42,43";"42,43"
"1542765600";"21.11.2018 04:00";"42,17";"42,17";"42,17";"42,17"
"1542769200";"21.11.2018 05:00";"43,22";"43,22";"43,22";"43,22"
"1542772800";"21.11.2018 06:00";"45,92";"45,64";"45,92";"45,92"
"1542776400";"21.11.2018 07:00";"53,46";"53,46";"53,46";"53,46"
"1542780000";"21.11.2018 08:00";"68,08";"68,08";"68,08";"68,08"
"1542783600";"21.11.2018 09:00";"69,3";"69,3";"69,3";"69,3"
"1542787200";"21.11.2018 10:00";"61,08";"61,08";"52,48";"52,48"
"1542790800";"21.11.2018 11:00";"61,02";"61,02";"51,76";"51,76"
"1542794400";"21.11.2018 12:00";"64,03";"64,03";"51,51";"51,51"
"1542798000";"21.11.2018 13:00";"64,1";"64,1";"51,51";"51,51"
"1542801600";"21.11.2018 14:00";"64,2";"64,2";"54,35";"54,35"
"1542805200";"21.11.2018 15:00";"64,2";"64,2";"55,91";"55,91"
"1542808800";"21.11.2018 16:00";"68,01";"68,01";"68,01";"68,01"
"1542812400";"21.11.2018 17:00";"69,3";"69,3";"69,3";"69,3"
"1542816000";"21.11.2018 18:00";"69,24";"69,24";"65,53";"65,53"
"1542819600";"21.11.2018 19:00";"65,43";"65,43";"58,77";"58,77"
"1542823200";"21.11.2018 20:00";"61,6";"61,6";"52,67";"52,67"
"1542826800";"21.11.2018 21:00";"58,46";"58,46";"51,02";"51,02"
"1542830400";"21.11.2018 22:00";"50,41";"50,41";"50,41";"50,41"
"1542834000";"21.11.2018 23:00";"49,2";"49,2";"49,2";"49,2"
"1542837600";"22.11.2018 00:00";"47,61";"47,61";"47,61";"47,61"
"1542841200";"22.11.2018 01:00";"47,15";"47,15";"47,15";"47,15"
"1542844800";"22.11.2018 02:00";"46,65";"46,65";"46,65";"46,65"
"1542848400";"22.11.2018 03:00";"46,37";"46,37";"46,37";"46,37"
"1542852000";"22.11.2018 04:00";"46,53";"46,53";"46,53";"46,53"
"1542855600";"22.11.2018 05:00";"47,37";"47,37";"47,37";"47,37"
"1542859200";"22.11.2018 06:00";"49,46";"49,46";"49,46";"49,46"
"1542862800";"22.11.2018 07:00";"61,26";"61,26";"54,31";"54,31"
"1542866400";"22.11.2018 08:00";"80,94";"80,94";"64,82";"64,82"
"1542870000";"22.11.2018 09:00";"80,03";"80,03";"67,71";"67,71"
"1542873600";"22.11.2018 10:00";"85,3";"85,3";"58,93";"58,93"
"1542877200";"22.11.2018 11:00";"81,99";"81,99";"56,95";"56,95"
"1542880800";"22.11.2018 12:00";"90,7";"90,7";"59,1";"59,1"
"1542884400";"22.11.2018 13:00";"88,69";"88,69";"63,23";"63,23"
"1542888000";"22.11.2018 14:00";"92,87";"92,87";"72,85";"72,85"
"1542891600";"22.11.2018 15:00";"93,24";"93,24";"83,5";"83,5"
"1542895200";"22.11.2018 16:00";"94,37";"94,37";"94,37";"94,37"
"1542898800";"22.11.2018 17:00";"118,72";"118,72";"103";"118,72"
"1542902400";"22.11.2018 18:00";"128,26";"128,26";"128,26";"128,26"
"1542906000";"22.11.2018 19:00";"109,94";"109,94";"109,94";"109,94"
"1542909600";"22.11.2018 20:00";"84,08";"84,08";"67,72";"67,72"
"1542913200";"22.11.2018 21:00";"78,18";"78,18";"56,07";"56,07"
"1542916800";"22.11.2018 22:00";"60,46";"60,46";"52,42";"52,42"
"1542920400";"22.11.2018 23:00";"52,57";"52,57";"51,33";"51,33"
"1542924000";"23.11.2018 00:00";"49,56";"49,56";"49,56";"49,56"
"1542927600";"23.11.2018 01:00";"49,73";"49,73";"49,73";"49,73"
"1542931200";"23.11.2018 02:00";"49,12";"49,12";"49,12";"49,12"
"1542934800";"23.11.2018 03:00";"48,53";"48,53";"48,53";"48,53"
"1542938400";"23.11.2018 04:00";"48,67";"48,67";"48,67";"48,67"
"1542942000";"23.11.2018 05:00";"49,33";"49,33";"49,33";"49,33"
"1542945600";"23.11.2018 06:00";"50,67";"50,67";"50,67";"50,67"
"1542949200";"23.11.2018 07:00";"71,26";"71,26";"56,11";"56,11"
"1542952800";"23.11.2018 08:00";"95";"95";"74,63";"95"
"1542956400";"23.11.2018 09:00";"103,46";"103,46";"91,57";"103,46"
"1542960000";"23.11.2018 10:00";"98";"98";"57,99";"98"
"1542963600";"23.11.2018 11:00";"94,84";"94,84";"54,35";"94,84"
"1542967200";"23.11.2018 12:00";"98,93";"98,93";"53,26";"98,93"
"1542970800";"23.11.2018 13:00";"98,28";"98,28";"52,92";"98,28"
"1542974400";"23.11.2018 14:00";"94,9";"94,9";"54,7";"54,7"
"1542978000";"23.11.2018 15:00";"93,6";"93,6";"52,82";"52,82"
"1542981600";"23.11.2018 16:00";"92,17";"92,17";"54,76";"54,76"
"1542985200";"23.11.2018 17:00";"97,09";"97,09";"57,92";"57,92"
"1542988800";"23.11.2018 18:00";"106,58";"106,58";"56,94";"56,94"
"1542992400";"23.11.2018 19:00";"93,72";"93,72";"52,74";"52,74"
"1542996000";"23.11.2018 20:00";"84,05";"84,05";"50,01";"50,01"
"1542999600";"23.11.2018 21:00";"73,75";"73,75";"48,31";"48,31"
"1543003200";"23.11.2018 22:00";"57,78";"57,78";"48,42";"48,42"
"1543006800";"23.11.2018 23:00";"53,25";"53,25";"47,69";"47,69"
"1543010400";"24.11.2018 00:00";"47,5";"47,5";"47,5";"47,5"
"1543014000";"24.11.2018 01:00";"48,46";"48,46";"48,46";"48,46"
"1543017600";"24.11.2018 02:00";"47,94";"47,94";"47,94";"47,94"
"1543021200";"24.11.2018 03:00";"46,61";"46,61";"46,61";"46,61"
"1543024800";"24.11.2018 04:00";"47,06";"47,06";"47,06";"47,06"
"1543028400";"24.11.2018 05:00";"47,55";"47,55";"47,55";"47,55"
"1543032000";"24.11.2018 06:00";"47,95";"47,95";"47,95";"47,95"
"1543035600";"24.11.2018 07:00";"48,12";"48,12";"48,12";"48,12"
"1543039200";"24.11.2018 08:00";"52,07";"52,07";"48,42";"49,99"
"1543042800";"24.11.2018 09:00";"61,66";"61,66";"48,49";"61,66"
"1543046400";"24.11.2018 10:00";"70,47";"70,47";"49,05";"70,47"
"1543050000";"24.11.2018 11:00";"71,73";"71,73";"49,35";"71,73"
"1543053600";"24.11.2018 12:00";"71,41";"71,41";"49,43";"71,41"
"1543057200";"24.11.2018 13:00";"71,26";"71,26";"49,33";"71,26"
"1543060800";"24.11.2018 14:00";"65,32";"65,32";"49,2";"65,32"
"1543064400";"24.11.2018 15:00";"63,02";"63,02";"49,37";"63,02"
"1543068000";"24.11.2018 16:00";"69,18";"69,18";"49,63";"69,18"
"1543071600";"24.11.2018 17:00";"75,08";"75,08";"50,3";"75,08"
"1543075200";"24.11.2018 18:00";"75,01";"75,01";"50,86";"75,01"
"1543078800";"24.11.2018 19:00";"69,1";"69,1";"50,59";"69,1"
"1543082400";"24.11.2018 20:00";"70,07";"70,07";"49,97";"70,07"
"1543086000";"24.11.2018 21:00";"60,48";"60,48";"49,47";"60,48"
"1543089600";"24.11.2018 22:00";"52,19";"52,19";"49,36";"49,96"
"1543093200";"24.11.2018 23:00";"49,21";"49,21";"49,21";"49,21"
"1543096800";"25.11.2018 00:00";"48,12";"48,12";"48,12";"48,12"
"1543100400";"25.11.2018 01:00";"48,43";"48,43";"48,43";"48,43"
"1543104000";"25.11.2018 02:00";"47,9";"47,9";"47,9";"47,9"
"1543107600";"25.11.2018 03:00";"47,23";"47,23";"47,23";"47,23"
"1543111200";"25.11.2018 04:00";"46,91";"46,91";"46,91";"46,91"
"1543114800";"25.11.2018 05:00";"46,57";"46,57";"46,57";"46,57"
"1543118400";"25.11.2018 06:00";"46,92";"46,92";"46,92";"46,92"
"1543122000";"25.11.2018 07:00";"47,91";"47,91";"47,91";"47,91"
"1543125600";"25.11.2018 08:00";"47,97";"47,97";"47,97";"47,97"
"1543129200";"25.11.2018 09:00";"49,27";"49,27";"49,27";"49,27"
"1543132800";"25.11.2018 10:00";"53,87";"53,87";"50,1";"53,87"
"1543136400";"25.11.2018 11:00";"54,96";"54,96";"50,41";"54,96"
"1543140000";"25.11.2018 12:00";"56,95";"56,95";"50,47";"56,95"
"1543143600";"25.11.2018 13:00";"51,69";"51,69";"50,39";"51,69"
"1543147200";"25.11.2018 14:00";"49,87";"49,87";"49,87";"49,87"
"1543150800";"25.11.2018 15:00";"55,02";"55,02";"50,39";"55,02"
"1543154400";"25.11.2018 16:00";"56,72";"56,72";"50,35";"56,72"
"1543158000";"25.11.2018 17:00";"74,63";"74,63";"51,48";"74,63"
"1543161600";"25.11.2018 18:00";"75,55";"75,55";"51,94";"75,55"
"1543165200";"25.11.2018 19:00";"70,41";"70,41";"51,88";"70,41"
"1543168800";"25.11.2018 20:00";"57,43";"57,43";"51,43";"57,43"
"1543172400";"25.11.2018 21:00";"51,19";"51,19";"50,38";"51,19"
"1543176000";"25.11.2018 22:00";"49,71";"49,71";"49,71";"49,71"
"1543179600";"25.11.2018 23:00";"49,41";"49,41";"49,41";"49,41"
"1543183200";"26.11.2018 00:00";"47,88";"47,88";"47,88";"47,88"
"1543186800";"26.11.2018 01:00";"48,03";"48,03";"48,27";"48,03"
"1543190400";"26.11.2018 02:00";"47,85";"47,85";"47,85";"47,85"
"1543194000";"26.11.2018 03:00";"46,42";"46,42";"46,42";"46,42"
"1543197600";"26.11.2018 04:00";"45,07";"45,07";"45,07";"45,07"
"1543201200";"26.11.2018 05:00";"45,08";"45,08";"45,08";"45,08"
"1543204800";"26.11.2018 06:00";"48,8";"48,8";"48,8";"48,8"
"1543208400";"26.11.2018 07:00";"56,66";"56,66";"56,66";"56,66"
"1543212000";"26.11.2018 08:00";"79,27";"79,27";"79,27";"79,27"
"1543215600";"26.11.2018 09:00";"83,08";"83,08";"83,08";"83,08"
"1543219200";"26.11.2018 10:00";"80,95";"80,95";"80,95";"80,95"
"1543222800";"26.11.2018 11:00";"78,33";"78,33";"78,33";"78,33"
"1543226400";"26.11.2018 12:00";"74,99";"84,9";"74,99";"74,99"
"1543230000";"26.11.2018 13:00";"68,07";"84,85";"68,07";"68,07"
"1543233600";"26.11.2018 14:00";"75";"90,2";"75";"75"
"1543237200";"26.11.2018 15:00";"74,96";"92,47";"74,96";"74,96"
"1543240800";"26.11.2018 16:00";"95";"95";"95";"95"
"1543244400";"26.11.2018 17:00";"100,02";"100,02";"100,02";"100,02"
"1543248000";"26.11.2018 18:00";"105,02";"105,02";"105,02";"105,02"
"1543251600";"26.11.2018 19:00";"94,05";"94,05";"94,05";"94,05"
"1543255200";"26.11.2018 20:00";"59,08";"74,76";"59,08";"59,08"
"1543258800";"26.11.2018 21:00";"52,91";"62,05";"52,91";"52,91"
"1543262400";"26.11.2018 22:00";"51,98";"52,97";"51,98";"51,98"
"1543266000";"26.11.2018 23:00";"50,64";"50,64";"50,64";"50,64"
"1543269600";"27.11.2018 00:00";"49,06";"49,06";"49,06";"49,06"
"1543273200";"27.11.2018 01:00";"49,01";"49,01";"49,01";"49,01"
"1543276800";"27.11.2018 02:00";"48,26";"48,26";"48,26";"48,26"
"1543280400";"27.11.2018 03:00";"48,05";"48,05";"48,05";"48,05"
"1543284000";"27.11.2018 04:00";"48,45";"48,45";"48,45";"48,45"
"1543287600";"27.11.2018 05:00";"49,32";"49,32";"49,32";"49,32"
"1543291200";"27.11.2018 06:00";"51,34";"51,34";"51,34";"51,34"
"1543294800";"27.11.2018 07:00";"70,18";"70,18";"70,18";"70,18"
"1543298400";"27.11.2018 08:00";"93,03";"93,03";"93,03";"93,03"
"1543302000";"27.11.2018 09:00";"100";"100";"100";"100"
"1543305600";"27.11.2018 10:00";"99";"99";"99";"99"
"1543309200";"27.11.2018 11:00";"90,38";"93,37";"90,38";"90,38"
"1543312800";"27.11.2018 12:00";"91,87";"95";"91,87";"91,87"
"1543316400";"27.11.2018 13:00";"87,02";"88,98";"87,02";"87,02"
"1543320000";"27.11.2018 14:00";"88,21";"88,21";"88,21";"88,21"
"1543323600";"27.11.2018 15:00";"85,99";"85,99";"85,99";"85,99"
"1543327200";"27.11.2018 16:00";"86,94";"86,94";"86,94";"86,94"
"1543330800";"27.11.2018 17:00";"89,34";"89,34";"89,34";"89,34"
"1543334400";"27.11.2018 18:00";"98,27";"98,27";"98,27";"98,27"
"1543338000";"27.11.2018 19:00";"92,43";"92,43";"92,43";"92,43"
"1543341600";"27.11.2018 20:00";"82,76";"82,76";"82,76";"82,76"
"1543345200";"27.11.2018 21:00";"65,68";"68,48";"65,68";"65,68"
"1543348800";"27.11.2018 22:00";"56,98";"56,98";"56,98";"56,98"
"1543352400";"27.11.2018 23:00";"52,63";"53,12";"52,63";"52,63"
"1543356000";"28.11.2018 00:00";"49,49";"49,49";"49,49";"49,49"
"1543359600";"28.11.2018 01:00";"48,97";"48,97";"48,97";"48,97"
"1543363200";"28.11.2018 02:00";"47,57";"47,57";"47,57";"47,57"
"1543366800";"28.11.2018 03:00";"47,01";"47,01";"47,01";"47,01"
"1543370400";"28.11.2018 04:00";"46,28";"46,28";"46,28";"46,28"
"1543374000";"28.11.2018 05:00";"46,73";"46,73";"46,73";"46,73"
"1543377600";"28.11.2018 06:00";"48,95";"48,95";"48,95";"48,95"
"1543381200";"28.11.2018 07:00";"55,78";"55,78";"55,78";"55,78"
"1543384800";"28.11.2018 08:00";"67,76";"67,76";"67,76";"67,76"
"1543388400";"28.11.2018 09:00";"73,41";"73,41";"70";"70"
"1543392000";"28.11.2018 10:00";"71,9";"71,9";"56,19";"56,19"
"1543395600";"28.11.2018 11:00";"55,22";"55,22";"52,46";"52,46"
"1543399200";"28.11.2018 12:00";"52,26";"52,26";"51,83";"51,83"
"1543402800";"28.11.2018 13:00";"71,92";"71,92";"51,35";"51,35"
"1543406400";"28.11.2018 14:00";"66,58";"66,58";"51,61";"51,61"
"1543410000";"28.11.2018 15:00";"71,94";"71,94";"51,93";"51,93"
"1543413600";"28.11.2018 16:00";"73,88";"73,88";"55,88";"55,88"
"1543417200";"28.11.2018 17:00";"71,97";"71,97";"57,92";"57,92"
"1543420800";"28.11.2018 18:00";"68,74";"68,74";"56,97";"56,97"
"1543424400";"28.11.2018 19:00";"66,09";"66,09";"51,3";"51,3"
"1543428000";"28.11.2018 20:00";"49,21";"49,21";"49,21";"49,21"
"1543431600";"28.11.2018 21:00";"47,79";"47,79";"47,79";"47,79"
"1543435200";"28.11.2018 22:00";"46,21";"46,21";"46,21";"46,21"
"1543438800";"28.11.2018 23:00";"44,91";"44,91";"44,91";"44,91"
"1543442400";"29.11.2018 00:00";"38,91";"38,91";"38,91";"38,91"
"1543446000";"29.11.2018 01:00";"40,9";"40,9";"40,9";"40,9"
"1543449600";"29.11.2018 02:00";"35,96";"35,96";"35,96";"35,96"
"1543453200";"29.11.2018 03:00";"34,26";"34,26";"34,26";"34,26"
"1543456800";"29.11.2018 04:00";"35,01";"35,01";"35,01";"35,01"
"1543460400";"29.11.2018 05:00";"38,98";"38,98";"38,98";"38,98"
"1543464000";"29.11.2018 06:00";"43,69";"43,69";"43,69";"43,69"
"1543467600";"29.11.2018 07:00";"47,88";"47,88";"47,88";"47,88"
"1543471200";"29.11.2018 08:00";"52,56";"52,56";"52,56";"52,56"
"1543474800";"29.11.2018 09:00";"58,6";"58,6";"50,12";"58,6"
"1543478400";"29.11.2018 10:00";"58,52";"58,52";"48,94";"58,52"
"1543482000";"29.11.2018 11:00";"55,72";"55,72";"48,65";"55,72"
"1543485600";"29.11.2018 12:00";"48,65";"48,65";"48,65";"48,65"
"1543489200";"29.11.2018 13:00";"59,1";"59,1";"48,65";"59,1"
"1543492800";"29.11.2018 14:00";"58,76";"58,76";"48,92";"58,76"
"1543496400";"29.11.2018 15:00";"58,21";"58,21";"49,57";"58,21"
"1543500000";"29.11.2018 16:00";"58,67";"58,67";"49,9";"58,67"
"1543503600";"29.11.2018 17:00";"59,55";"59,55";"49,79";"59,55"
"1543507200";"29.11.2018 18:00";"59,24";"59,24";"49,85";"59,24"
"1543510800";"29.11.2018 19:00";"50,35";"50,35";"50,35";"50,35"
"1543514400";"29.11.2018 20:00";"48";"48";"48";"48"
"1543518000";"29.11.2018 21:00";"46,74";"46,74";"46,74";"46,74"
"1543521600";"29.11.2018 22:00";"45,63";"45,63";"45,63";"45,63"
"1543525200";"29.11.2018 23:00";"42,73";"42,73";"42,73";"42,73"
"1543528800";"30.11.2018 00:00";"39,34";"39,34";"39,34";"39,34"
"1543532400";"30.11.2018 01:00";"35,26";"35,26";"35,26";"35,26"
"1543536000";"30.11.2018 02:00";"36,77";"36,77";"36,77";"36,77"
"1543539600";"30.11.2018 03:00";"36,63";"36,63";"36,63";"36,63"
"1543543200";"30.11.2018 04:00";"36,96";"36,96";"36,96";"36,96"
"1543546800";"30.11.2018 05:00";"39,51";"39,51";"39,51";"39,51"
"1543550400";"30.11.2018 06:00";"43,05";"43,05";"43,05";"43,05"
"1543554000";"30.11.2018 07:00";"46,61";"46,61";"46,61";"46,61"
"1543557600";"30.11.2018 08:00";"48,71";"48,71";"48,71";"48,71"
"1543561200";"30.11.2018 09:00";"52,75";"52,75";"49,38";"49,38"
"1543564800";"30.11.2018 10:00";"55,8";"55,8";"48,67";"55,8"
"1543568400";"30.11.2018 11:00";"55,6";"55,6";"48,13";"54,2"
"1543572000";"30.11.2018 12:00";"56,81";"56,81";"47,95";"54,11"
"1543575600";"30.11.2018 13:00";"57,3";"57,3";"47,92";"54,16"
"1543579200";"30.11.2018 14:00";"58,09";"58,09";"47,98";"54,11"
"1543582800";"30.11.2018 15:00";"57,09";"57,09";"48,67";"54,18"
"1543586400";"30.11.2018 16:00";"58,05";"58,05";"50,35";"58,05"
"1543590000";"30.11.2018 17:00";"60,7";"60,7";"50,01";"60,7"
"1543593600";"30.11.2018 18:00";"60,22";"60,22";"50,23";"54,12"
"1543597200";"30.11.2018 19:00";"58,05";"58,05";"49,23";"49,23"
"1543600800";"30.11.2018 20:00";"47,52";"47,52";"47,52";"47,52"
"1543604400";"30.11.2018 21:00";"46,08";"46,08";"46,08";"46,08"
"1543608000";"30.11.2018 22:00";"45,67";"45,67";"45,67";"45,67"
"1543611600";"30.11.2018 23:00";"44,8";"44,8";"44,8";"44,8"
"1543615200";"01.12.2018 00:00";"43,22";"43,22";"43,22";"43,22"
"1543618800";"01.12.2018 01:00";"43,25";"43,25";"43,25";"43,25"
"1543622400";"01.12.2018 02:00";"42,09";"42,09";"42,09";"42,09"
"1543626000";"01.12.2018 03:00";"41,07";"41,07";"41,07";"41,07"
"1543629600";"01.12.2018 04:00";"42,05";"42,05";"42,05";"42,05"
"1543633200";"01.12.2018 05:00";"43,5";"43,5";"43,5";"43,5"
"1543636800";"01.12.2018 06:00";"43,37";"43,37";"43,37";"43,37"
"1543640400";"01.12.2018 07:00";"42,89";"42,89";"42,89";"42,89"
"1543644000";"01.12.2018 08:00";"45,6";"45,6";"45,6";"45,6"
"1543647600";"01.12.2018 09:00";"46,37";"46,37";"46,37";"46,37"
"1543651200";"01.12.2018 10:00";"47,14";"47,14";"47,06";"47,14"
"1543654800";"01.12.2018 11:00";"47,46";"47,46";"47,46";"47,46"
"1543658400";"01.12.2018 12:00";"55,74";"55,74";"47,8";"55,74"
"1543662000";"01.12.2018 13:00";"55,74";"55,74";"47,7";"55,74"
"1543665600";"01.12.2018 14:00";"47,61";"47,61";"47,61";"47,61"
"1543669200";"01.12.2018 15:00";"52,23";"52,23";"47,93";"52,23"
"1543672800";"01.12.2018 16:00";"58,36";"58,36";"48,45";"58,36"
"1543676400";"01.12.2018 17:00";"60,45";"60,45";"48,97";"60,45"
"1543680000";"01.12.2018 18:00";"57,11";"57,11";"48,92";"57,11"
"1543683600";"01.12.2018 19:00";"51,56";"51,56";"48,41";"51,56"
"1543687200";"01.12.2018 20:00";"47,18";"47,18";"46,56";"47,18"
"1543690800";"01.12.2018 21:00";"45,57";"45,57";"45,57";"45,57"
"1543694400";"01.12.2018 22:00";"45,45";"45,45";"45,45";"45,45"
"1543698000";"01.12.2018 23:00";"43,06";"43,06";"43,06";"43,06"
"1543701600";"02.12.2018 00:00";"38,63";"38,63";"38,63";"38,63"
"1543705200";"02.12.2018 01:00";"43,33";"43,33";"43,33";"43,33"
"1543708800";"02.12.2018 02:00";"42,16";"42,16";"42,16";"42,16"
"1543712400";"02.12.2018 03:00";"41,83";"41,83";"41,83";"41,83"
"1543716000";"02.12.2018 04:00";"40,55";"40,55";"40,55";"40,55"
"1543719600";"02.12.2018 05:00";"41,35";"41,35";"41,35";"41,35"
"1543723200";"02.12.2018 06:00";"41,66";"41,66";"41,66";"41,66"
"1543726800";"02.12.2018 07:00";"42,96";"42,96";"42,96";"42,96"
"1543730400";"02.12.2018 08:00";"43,96";"43,96";"43,96";"43,96"
"1543734000";"02.12.2018 09:00";"44,48";"44,48";"44,48";"44,48"
"1543737600";"02.12.2018 10:00";"45,29";"45,29";"45,29";"45,29"
"1543741200";"02.12.2018 11:00";"46,18";"46,18";"46,18";"46,18"
"1543744800";"02.12.2018 12:00";"51,68";"51,68";"46,53";"51,68"
"1543748400";"02.12.2018 13:00";"50,17";"50,17";"46,54";"50,17"
"1543752000";"02.12.2018 14:00";"46,91";"46,91";"46,57";"46,91"
"1543755600";"02.12.2018 15:00";"46,25";"46,25";"46,25";"46,25"
"1543759200";"02.12.2018 16:00";"46,74";"46,74";"46,74";"46,74"
"1543762800";"02.12.2018 17:00";"58,19";"58,19";"47,29";"58,19"
"1543766400";"02.12.2018 18:00";"53,69";"53,69";"47,56";"53,69"
"1543770000";"02.12.2018 19:00";"48,12";"48,12";"47,38";"48,12"
"1543773600";"02.12.2018 20:00";"46,7";"46,7";"46,7";"46,7"
"1543777200";"02.12.2018 21:00";"45,87";"45,87";"45,87";"45,87"
"1543780800";"02.12.2018 22:00";"45,1";"45,1";"45,1";"45,1"
"1543784400";"02.12.2018 23:00";"43,09";"43,09";"43,09";"43,09"
"1543788000";"03.12.2018 00:00";"39,22";"39,22";"39,22";"39,22"
"1543791600";"03.12.2018 01:00";"43,52";"43,52";"43,52";"43,52"
"1543795200";"03.12.2018 02:00";"41,93";"41,93";"41,93";"41,93"
"1543798800";"03.12.2018 03:00";"40,77";"40,77";"40,77";"40,77"
"1543802400";"03.12.2018 04:00";"40,86";"40,86";"40,86";"40,86"
"1543806000";"03.12.2018 05:00";"42,01";"42,01";"42,01";"42,01"
"1543809600";"03.12.2018 06:00";"45,1";"45,1";"45,1";"45,1"
"1543813200";"03.12.2018 07:00";"48";"48";"48";"48"
"1543816800";"03.12.2018 08:00";"52,38";"52,38";"52,38";"52,38"
"1543820400";"03.12.2018 09:00";"58,94";"58,94";"53,97";"58,94"
"1543824000";"03.12.2018 10:00";"60,26";"60,26";"54,17";"60,26"
"1543827600";"03.12.2018 11:00";"60,82";"60,82";"49,58";"60,82"
"1543831200";"03.12.2018 12:00";"65,03";"65,03";"49,3";"65,03"
"1543834800";"03.12.2018 13:00";"68,58";"68,58";"51,96";"68,58"
"1543838400";"03.12.2018 14:00";"67,47";"67,47";"52,49";"67,47"
"1543842000";"03.12.2018 15:00";"65,26";"65,26";"53,45";"65,26"
"1543845600";"03.12.2018 16:00";"68,59";"68,59";"53,93";"68,59"
"1543849200";"03.12.2018 17:00";"67,48";"67,48";"53,9";"67,48"
"1543852800";"03.12.2018 18:00";"67,04";"67,04";"53,01";"67,04"
"1543856400";"03.12.2018 19:00";"62,04";"62,04";"54,06";"62,04"
"1543860000";"03.12.2018 20:00";"59,48";"59,48";"49,67";"59,48"
"1543863600";"03.12.2018 21:00";"48,93";"48,93";"48,93";"48,93"
"1543867200";"03.12.2018 22:00";"47,56";"47,56";"47,56";"47,56"
"1543870800";"03.12.2018 23:00";"46,03";"46,03";"46,03";"46,03"
"1543874400";"04.12.2018 00:00";"44,71";"44,71";"44,71";"44,71"
"1543878000";"04.12.2018 01:00";"36,22";"36,22";"36,22";"36,22"
"1543881600";"04.12.2018 02:00";"33,14";"33,14";"33,14";"33,14"
"1543885200";"04.12.2018 03:00";"34,68";"34,68";"34,68";"34,68"
"1543888800";"04.12.2018 04:00";"36,08";"36,08";"36,08";"36,08"
"1543892400";"04.12.2018 05:00";"40,82";"40,82";"40,82";"40,82"
"1543896000";"04.12.2018 06:00";"43,79";"43,79";"43,79";"43,79"
"1543899600";"04.12.2018 07:00";"53,45";"53,45";"53,45";"53,45"
"1543903200";"04.12.2018 08:00";"74,68";"74,68";"53,88";"74,68"
"1543906800";"04.12.2018 09:00";"74,63";"74,63";"52,55";"74,63"
"1543910400";"04.12.2018 10:00";"74,61";"74,61";"51,92";"74,61"
"1543914000";"04.12.2018 11:00";"62,09";"62,09";"47,95";"62,09"
"1543917600";"04.12.2018 12:00";"62,04";"62,04";"47,9";"62,04"
"1543921200";"04.12.2018 13:00";"62,07";"62,07";"51,78";"62,07"
"1543924800";"04.12.2018 14:00";"62,06";"62,06";"50,46";"62,06"
"1543928400";"04.12.2018 15:00";"62,07";"62,07";"53,05";"62,07"
"1543932000";"04.12.2018 16:00";"62,04";"62,04";"59,12";"62,04"
"1543935600";"04.12.2018 17:00";"69,99";"69,99";"58,78";"69,99"
"1543939200";"04.12.2018 18:00";"68,53";"68,53";"58,68";"68,53"
"1543942800";"04.12.2018 19:00";"62,06";"62,06";"56,71";"62,06"
"1543946400";"04.12.2018 20:00";"56,08";"56,08";"49,03";"56,08"
"1543950000";"04.12.2018 21:00";"48,87";"48,87";"48,25";"48,87"
"1543953600";"04.12.2018 22:00";"47,49";"47,49";"47,49";"47,49"
"1543957200";"04.12.2018 23:00";"46,24";"46,24";"46,24";"46,24"
"1543960800";"05.12.2018 00:00";"44,93";"44,93";"44,93";"44,93"
"1543964400";"05.12.2018 01:00";"46,01";"46,01";"46,01";"46,01"
"1543968000";"05.12.2018 02:00";"45,82";"45,82";"45,82";"45,82"
"1543971600";"05.12.2018 03:00";"45,94";"45,94";"45,94";"45,94"
"1543975200";"05.12.2018 04:00";"45,81";"45,81";"45,81";"45,81"
"1543978800";"05.12.2018 05:00";"46,01";"46,01";"46,01";"46,01"
"1543982400";"05.12.2018 06:00";"47,3";"47,3";"47,3";"47,3"
"1543986000";"05.12.2018 07:00";"54,35";"54,35";"54,35";"54,35"
"1543989600";"05.12.2018 08:00";"58,36";"58,36";"58,36";"58,36"
"1543993200";"05.12.2018 09:00";"60,6";"60,6";"60,6";"60,6"
"1543996800";"05.12.2018 10:00";"67,42";"67,42";"67,42";"67,42"
"1544000400";"05.12.2018 11:00";"66,08";"66,08";"54,57";"54,57"
"1544004000";"05.12.2018 12:00";"66,02";"66,02";"53,06";"53,06"
"1544007600";"05.12.2018 13:00";"73,7";"73,7";"62,8";"62,8"
"1544011200";"05.12.2018 14:00";"74,61";"74,61";"56,21";"56,21"
"1544014800";"05.12.2018 15:00";"70,83";"70,83";"62,78";"62,78"
"1544018400";"05.12.2018 16:00";"74,62";"74,62";"74,62";"74,62"
"1544022000";"05.12.2018 17:00";"75,44";"75,44";"72,78";"72,78"
"1544025600";"05.12.2018 18:00";"75,45";"75,45";"71,25";"71,25"
"1544029200";"05.12.2018 19:00";"68,77";"68,77";"65,06";"65,06"
"1544032800";"05.12.2018 20:00";"68,73";"68,73";"51,29";"51,29"
"1544036400";"05.12.2018 21:00";"60,49";"60,49";"50,63";"50,63"
"1544040000";"05.12.2018 22:00";"49,21";"49,21";"49,21";"49,21"
"1544043600";"05.12.2018 23:00";"48,57";"48,57";"48,57";"48,57"
"1544047200";"06.12.2018 00:00";"46,54";"46,54";"46,54";"46,54"
"1544050800";"06.12.2018 01:00";"47,23";"47,23";"47,23";"47,23"
"1544054400";"06.12.2018 02:00";"46,28";"46,28";"46,28";"46,28"
"1544058000";"06.12.2018 03:00";"45,87";"45,87";"45,87";"45,87"
"1544061600";"06.12.2018 04:00";"45,45";"45,45";"45,45";"45,45"
"1544065200";"06.12.2018 05:00";"45,49";"45,49";"45,49";"45,49"
"1544068800";"06.12.2018 06:00";"48";"48";"48";"48"
"1544072400";"06.12.2018 07:00";"51,22";"51,22";"51,22";"51,22"
"1544076000";"06.12.2018 08:00";"58,89";"58,89";"55,54";"58,89"
"1544079600";"06.12.2018 09:00";"61,77";"61,77";"58,06";"61,77"
"1544083200";"06.12.2018 10:00";"68,24";"68,24";"57,98";"68,24"
"1544086800";"06.12.2018 11:00";"68,57";"68,57";"54,56";"68,57"
"1544090400";"06.12.2018 12:00";"68,64";"68,64";"54,58";"68,64"
"1544094000";"06.12.2018 13:00";"68,8";"68,8";"56,5";"68,8"
"1544097600";"06.12.2018 14:00";"68,77";"68,77";"55,17";"68,77"
"1544101200";"06.12.2018 15:00";"68,69";"68,69";"57,44";"68,69"
"1544104800";"06.12.2018 16:00";"70,73";"70,73";"70,73";"70,73"
"1544108400";"06.12.2018 17:00";"71,19";"71,19";"71,19";"71,19"
"1544112000";"06.12.2018 18:00";"70,76";"70,76";"70,76";"70,76"
"1544115600";"06.12.2018 19:00";"63,09";"63,09";"63,09";"63,09"
"1544119200";"06.12.2018 20:00";"60,46";"60,46";"51,91";"60,46"
"1544122800";"06.12.2018 21:00";"54,07";"54,07";"50,65";"54,07"
"1544126400";"06.12.2018 22:00";"49,38";"49,38";"49,38";"49,38"
"1544130000";"06.12.2018 23:00";"47,76";"47,76";"47,76";"47,76"
"1544133600";"07.12.2018 00:00";"46,56";"46,56";"46,56";"46,56"
"1544137200";"07.12.2018 01:00";"45,16";"45,16";"45,16";"45,16"
"1544140800";"07.12.2018 02:00";"43,87";"43,87";"43,87";"43,87"
"1544144400";"07.12.2018 03:00";"43,35";"43,35";"43,35";"43,35"
"1544148000";"07.12.2018 04:00";"43,56";"43,56";"43,56";"43,56"
"1544151600";"07.12.2018 05:00";"43,67";"43,67";"43,67";"43,67"
"1544155200";"07.12.2018 06:00";"46,01";"46,01";"46,01";"46,01"
"1544158800";"07.12.2018 07:00";"52,96";"52,96";"52,96";"52,96"
"1544162400";"07.12.2018 08:00";"60";"60";"60";"60"
"1544166000";"07.12.2018 09:00";"60,9";"60,9";"60,9";"60,9"
"1544169600";"07.12.2018 10:00";"61,56";"61,56";"61,56";"61,56"
"1544173200";"07.12.2018 11:00";"58,16";"58,16";"53,23";"53,23"
"1544176800";"07.12.2018 12:00";"57,51";"57,51";"52,52";"52,52"
"1544180400";"07.12.2018 13:00";"60,76";"60,76";"60,76";"60,76"
"1544184000";"07.12.2018 14:00";"60,98";"60,98";"60,98";"60,98"
"1544187600";"07.12.2018 15:00";"61,59";"61,59";"61,59";"61,59"
"1544191200";"07.12.2018 16:00";"63,51";"63,51";"63,51";"63,51"
"1544194800";"07.12.2018 17:00";"66,84";"66,84";"66,84";"66,84"
"1544198400";"07.12.2018 18:00";"66,5";"66,5";"66,5";"66,5"
"1544202000";"07.12.2018 19:00";"60,03";"60,03";"60,03";"60,03"
"1544205600";"07.12.2018 20:00";"54,37";"54,37";"49,24";"49,24"
"1544209200";"07.12.2018 21:00";"51,16";"51,16";"46,24";"46,24"
"1544212800";"07.12.2018 22:00";"46,2";"46,2";"46,2";"46,2"
"1544216400";"07.12.2018 23:00";"44,55";"44,55";"44,55";"44,55"
"1544220000";"08.12.2018 00:00";"42,08";"42,08";"42,08";"42,08"
"1544223600";"08.12.2018 01:00";"43,04";"43,04";"43,04";"43,04"
"1544227200";"08.12.2018 02:00";"40,16";"40,16";"40,16";"40,16"
"1544230800";"08.12.2018 03:00";"39,07";"39,07";"39,07";"39,07"
"1544234400";"08.12.2018 04:00";"38,63";"38,63";"38,63";"38,63"
"1544238000";"08.12.2018 05:00";"38,73";"38,73";"38,73";"38,73"
"1544241600";"08.12.2018 06:00";"40,13";"40,13";"40,13";"40,13"
"1544245200";"08.12.2018 07:00";"43,14";"43,14";"43,14";"43,14"
"1544248800";"08.12.2018 08:00";"44,32";"44,32";"44,32";"44,32"
"1544252400";"08.12.2018 09:00";"45,57";"45,57";"45,57";"45,57"
"1544256000";"08.12.2018 10:00";"46,34";"46,34";"46,34";"46,34"
"1544259600";"08.12.2018 11:00";"48,83";"48,83";"46,47";"48,83"
"1544263200";"08.12.2018 12:00";"50,65";"50,65";"46,65";"50,65"
"1544266800";"08.12.2018 13:00";"48,85";"48,85";"46,53";"48,85"
"1544270400";"08.12.2018 14:00";"47,36";"47,36";"46,42";"47,36"
"1544274000";"08.12.2018 15:00";"46,43";"46,43";"46,43";"46,43"
"1544277600";"08.12.2018 16:00";"48,8";"48,8";"46,73";"48,8"
"1544281200";"08.12.2018 17:00";"51,75";"51,75";"47,07";"51,75"
"1544284800";"08.12.2018 18:00";"50,9";"50,9";"47,17";"50,9"
"1544288400";"08.12.2018 19:00";"46,82";"46,82";"46,82";"46,82"
"1544292000";"08.12.2018 20:00";"46,3";"46,3";"46,3";"46,3"
"1544295600";"08.12.2018 21:00";"44,5";"44,5";"44,5";"44,5"
"1544299200";"08.12.2018 22:00";"41,22";"41,22";"41,22";"41,22"
"1544302800";"08.12.2018 23:00";"40,2";"40,2";"40,2";"40,2"
"1544306400";"09.12.2018 00:00";"39,24";"39,24";"39,24";"39,24"
"1544310000";"09.12.2018 01:00";"37,06";"37,06";"37,06";"37,06"
"1544313600";"09.12.2018 02:00";"36,05";"36,05";"36,05";"36,05"
"1544317200";"09.12.2018 03:00";"33,25";"33,25";"33,25";"33,25"
"1544320800";"09.12.2018 04:00";"30,4";"30,4";"30,4";"30,4"
"1544324400";"09.12.2018 05:00";"24,28";"24,28";"24,28";"24,28"
"1544328000";"09.12.2018 06:00";"25,71";"25,71";"25,71";"25,71"
"1544331600";"09.12.2018 07:00";"37,24";"37,24";"37,24";"37,24"
"1544335200";"09.12.2018 08:00";"40,44";"40,44";"40,44";"40,44"
"1544338800";"09.12.2018 09:00";"43,57";"43,57";"43,57";"43,57"
"1544342400";"09.12.2018 10:00";"44,78";"44,78";"44,78";"44,78"
"1544346000";"09.12.2018 11:00";"45,52";"45,52";"45,52";"45,52"
"1544349600";"09.12.2018 12:00";"45,87";"45,87";"45,87";"45,87"
"1544353200";"09.12.2018 13:00";"45,87";"45,87";"45,87";"45,87"
"1544356800";"09.12.2018 14:00";"45,82";"45,82";"45,82";"45,82"
"1544360400";"09.12.2018 15:00";"45,63";"45,63";"45,63";"45,63"
"1544364000";"09.12.2018 16:00";"46,1";"46,1";"46,1";"46,1"
"1544367600";"09.12.2018 17:00";"46,87";"46,87";"46,87";"46,87"
"1544371200";"09.12.2018 18:00";"46,87";"46,87";"46,87";"46,87"
"1544374800";"09.12.2018 19:00";"46,64";"46,64";"46,64";"46,64"
"1544378400";"09.12.2018 20:00";"46,21";"46,21";"46,21";"46,21"
"1544382000";"09.12.2018 21:00";"45,83";"45,83";"45,83";"45,83"
"1544385600";"09.12.2018 22:00";"43,72";"43,72";"43,72";"43,72"
"1544389200";"09.12.2018 23:00";"41,76";"41,76";"41,76";"41,76"
"1544392800";"10.12.2018 00:00";"38,89";"38,89";"38,89";"38,89"
"1544396400";"10.12.2018 01:00";"40,78";"24,01";"40,78";"40,78"
"1544400000";"10.12.2018 02:00";"37,75";"22,87";"37,75";"37,75"
"1544403600";"10.12.2018 03:00";"37,54";"21,87";"37,54";"37,54"
"1544407200";"10.12.2018 04:00";"38,39";"20,82";"38,39";"38,39"
"1544410800";"10.12.2018 05:00";"41,46";"39,76";"41,46";"41,46"
"1544414400";"10.12.2018 06:00";"47,15";"47,15";"47,15";"47,15"
"1544418000";"10.12.2018 07:00";"52,1";"52,1";"52,1";"52,1"
"1544421600";"10.12.2018 08:00";"60,09";"60,09";"60,09";"60,09"
"1544425200";"10.12.2018 09:00";"61,11";"61,11";"61,11";"61,11"
"1544428800";"10.12.2018 10:00";"61,97";"61,97";"61,97";"61,97"
"1544432400";"10.12.2018 11:00";"54,9";"54,9";"54,9";"54,9"
"1544436000";"10.12.2018 12:00";"54,58";"54,58";"54,58";"54,58"
"1544439600";"10.12.2018 13:00";"61,18";"61,18";"61,18";"61,18"
"1544443200";"10.12.2018 14:00";"60,53";"60,53";"60,53";"60,53"
"1544446800";"10.12.2018 15:00";"60,03";"60,03";"60,03";"60,03"
"1544450400";"10.12.2018 16:00";"62,32";"62,32";"62,32";"62,32"
"1544454000";"10.12.2018 17:00";"62,06";"62,06";"62,06";"62,06"
"1544457600";"10.12.2018 18:00";"59,68";"59,68";"59,68";"59,68"
"1544461200";"10.12.2018 19:00";"58,72";"58,72";"58,72";"58,72"
"1544464800";"10.12.2018 20:00";"55,88";"55,88";"54,94";"55,88"
"1544468400";"10.12.2018 21:00";"49,75";"49,75";"48,1";"49,75"
"1544472000";"10.12.2018 22:00";"46,91";"46,91";"46,91";"46,91"
"1544475600";"10.12.2018 23:00";"45,57";"45,57";"45,57";"45,57"
"1544479200";"11.12.2018 00:00";"44,54";"43,68";"44,54";"44,54"
"1544482800";"11.12.2018 01:00";"44,85";"44,85";"44,85";"44,85"
"1544486400";"11.12.2018 02:00";"43,87";"43,87";"43,87";"43,87"
"1544490000";"11.12.2018 03:00";"43,17";"43,17";"43,17";"43,17"
"1544493600";"11.12.2018 04:00";"43";"43";"43";"43"
"1544497200";"11.12.2018 05:00";"43,96";"43,96";"43,96";"43,96"
"1544500800";"11.12.2018 06:00";"48,9";"48,9";"48,9";"48,9"
"1544504400";"11.12.2018 07:00";"66,3";"66,3";"66,3";"66,3"
"1544508000";"11.12.2018 08:00";"66,31";"66,31";"66,31";"66,31"
"1544511600";"11.12.2018 09:00";"62,33";"62,33";"62,33";"62,33"
"1544515200";"11.12.2018 10:00";"62,82";"62,82";"62,82";"62,82"
"1544518800";"11.12.2018 11:00";"58,04";"58,04";"58,04";"58,04"
"1544522400";"11.12.2018 12:00";"58,04";"58,04";"58,04";"58,04"
"1544526000";"11.12.2018 13:00";"62,84";"62,84";"62,84";"62,84"
"1544529600";"11.12.2018 14:00";"65,32";"65,32";"65,32";"65,32"
"1544533200";"11.12.2018 15:00";"64,99";"64,99";"64,99";"64,99"
"1544536800";"11.12.2018 16:00";"68,29";"68,29";"68,29";"68,29"
"1544540400";"11.12.2018 17:00";"65,47";"65,47";"65,47";"65,47"
"1544544000";"11.12.2018 18:00";"65,39";"65,39";"65,39";"65,39"
"1544547600";"11.12.2018 19:00";"63,96";"63,96";"63,96";"63,96"
"1544551200";"11.12.2018 20:00";"58,03";"58,03";"54,9";"54,9"
"1544554800";"11.12.2018 21:00";"52,52";"52,52";"52,52";"52,52"
"1544558400";"11.12.2018 22:00";"51,01";"51,01";"51,01";"51,01"
"1544562000";"11.12.2018 23:00";"49,45";"49,45";"49,45";"49,45"
"1544565600";"12.12.2018 00:00";"48,41";"48,41";"48,41";"48,41"
"1544569200";"12.12.2018 01:00";"48,82";"48,82";"48,82";"48,82"
"1544572800";"12.12.2018 02:00";"48,09";"48,09";"48,09";"48,09"
"1544576400";"12.12.2018 03:00";"47,83";"47,83";"47,83";"47,83"
"1544580000";"12.12.2018 04:00";"47,82";"47,82";"47,82";"47,82"
"1544583600";"12.12.2018 05:00";"48,36";"48,36";"48,36";"48,36"
"1544587200";"12.12.2018 06:00";"51,04";"51,04";"51,04";"51,04"
"1544590800";"12.12.2018 07:00";"55,32";"55,32";"55,32";"55,32"
"1544594400";"12.12.2018 08:00";"69,62";"69,62";"69,62";"69,62"
"1544598000";"12.12.2018 09:00";"75,62";"75,62";"75,62";"75,62"
"1544601600";"12.12.2018 10:00";"73,66";"73,66";"73,66";"73,66"
"1544605200";"12.12.2018 11:00";"63,16";"63,16";"63,16";"63,16"
"1544608800";"12.12.2018 12:00";"62,32";"62,32";"62,32";"62,32"
"1544612400";"12.12.2018 13:00";"66,06";"66,06";"66,06";"66,06"
"1544616000";"12.12.2018 14:00";"64,04";"64,04";"64,04";"64,04"
"1544619600";"12.12.2018 15:00";"65,04";"65,04";"65,04";"65,04"
"1544623200";"12.12.2018 16:00";"74,94";"74,94";"74,94";"74,94"
"1544626800";"12.12.2018 17:00";"79,55";"79,55";"79,55";"79,55"
"1544630400";"12.12.2018 18:00";"76,4";"76,4";"76,4";"76,4"
"1544634000";"12.12.2018 19:00";"69,99";"69,99";"69,99";"69,99"
"1544637600";"12.12.2018 20:00";"62,83";"62,83";"62,83";"62,83"
"1544641200";"12.12.2018 21:00";"53,57";"53,57";"53,57";"53,57"
"1544644800";"12.12.2018 22:00";"53,48";"53,48";"53,48";"53,48"
"1544648400";"12.12.2018 23:00";"50,92";"50,92";"50,92";"50,92"
"1544652000";"13.12.2018 00:00";"49,22";"49,22";"49,22";"49,22"
"1544655600";"13.12.2018 01:00";"49,57";"49,57";"49,57";"49,57"
"1544659200";"13.12.2018 02:00";"48,77";"48,77";"48,77";"48,77"
"1544662800";"13.12.2018 03:00";"48,16";"48,16";"48,16";"48,16"
"1544666400";"13.12.2018 04:00";"47,86";"47,86";"47,86";"47,86"
"1544670000";"13.12.2018 05:00";"48,24";"48,24";"48,24";"48,24"
"1544673600";"13.12.2018 06:00";"50,08";"50,08";"50,08";"50,08"
"1544677200";"13.12.2018 07:00";"56,05";"56,05";"56,05";"56,05"
"1544680800";"13.12.2018 08:00";"70,04";"70,04";"70,04";"70,04"
"1544684400";"13.12.2018 09:00";"74,66";"74,66";"74,66";"74,66"
"1544688000";"13.12.2018 10:00";"74,08";"74,08";"74,08";"74,08"
"1544691600";"13.12.2018 11:00";"62,41";"62,41";"62,41";"62,41"
"1544695200";"13.12.2018 12:00";"58,46";"58,46";"58,46";"58,46"
"1544698800";"13.12.2018 13:00";"65,46";"65,46";"65,46";"65,46"
"1544702400";"13.12.2018 14:00";"62,9";"62,9";"62,9";"62,9"
"1544706000";"13.12.2018 15:00";"63,03";"63,03";"63,03";"63,03"
"1544709600";"13.12.2018 16:00";"76,1";"76,1";"76,1";"76,1"
"1544713200";"13.12.2018 17:00";"65,69";"79,38";"65,69";"65,69"
"1544716800";"13.12.2018 18:00";"68";"68";"60,93";"60,93"
"1544720400";"13.12.2018 19:00";"75,38";"75,38";"56,21";"56,21"
"1544724000";"13.12.2018 20:00";"61,39";"61,39";"54,31";"54,31"
"1544727600";"13.12.2018 21:00";"52,81";"52,81";"52,81";"52,81"
"1544731200";"13.12.2018 22:00";"52,69";"52,69";"52,69";"52,69"
"1544734800";"13.12.2018 23:00";"50,74";"50,74";"50,74";"50,74"
"1544738400";"14.12.2018 00:00";"49,65";"49,65";"49,65";"49,65"
"1544742000";"14.12.2018 01:00";"49,69";"49,69";"49,69";"49,69"
"1544745600";"14.12.2018 02:00";"48,83";"48,83";"48,83";"48,83"
"1544749200";"14.12.2018 03:00";"48,39";"48,39";"48,39";"48,39"
"1544752800";"14.12.2018 04:00";"48,69";"48,69";"48,69";"48,69"
"1544756400";"14.12.2018 05:00";"49,49";"49,49";"49,49";"49,49"
"1544760000";"14.12.2018 06:00";"52,98";"52,98";"52,98";"52,98"
"1544763600";"14.12.2018 07:00";"63,42";"63,42";"61,27";"61,27"
"1544767200";"14.12.2018 08:00";"74,93";"75,88";"71,99";"71,99"
"1544770800";"14.12.2018 09:00";"74,92";"87,92";"71,94";"71,94"
"1544774400";"14.12.2018 10:00";"74,91";"88,93";"69,88";"69,88"
"1544778000";"14.12.2018 11:00";"74,95";"81,88";"60,06";"60,06"
"1544781600";"14.12.2018 12:00";"74,91";"82,31";"59,05";"59,05"
"1544785200";"14.12.2018 13:00";"74,92";"82,66";"64,45";"64,45"
"1544788800";"14.12.2018 14:00";"74,92";"79,85";"60,48";"60,48"
"1544792400";"14.12.2018 15:00";"74,91";"81,3";"61,75";"61,75"
"1544796000";"14.12.2018 16:00";"74,91";"83,04";"65,9";"65,9"
"1544799600";"14.12.2018 17:00";"74,93";"84,84";"74,93";"74,93"
"1544803200";"14.12.2018 18:00";"74,92";"94,96";"74,92";"74,92"
"1544806800";"14.12.2018 19:00";"74,91";"81,35";"61,27";"61,27"
"1544810400";"14.12.2018 20:00";"73,84";"73,84";"55,92";"55,92"
"1544814000";"14.12.2018 21:00";"55,1";"55,1";"55,1";"55,1"
"1544817600";"14.12.2018 22:00";"55";"55";"55";"55"
"1544821200";"14.12.2018 23:00";"53,71";"53,71";"53,71";"53,71"
"1544824800";"15.12.2018 00:00";"51,55";"51,55";"51,55";"51,55"
"1544828400";"15.12.2018 01:00";"53,1";"53,1";"53,1";"53,1"
"1544832000";"15.12.2018 02:00";"51,56";"51,56";"51,56";"51,56"
"1544835600";"15.12.2018 03:00";"50,92";"50,92";"50,92";"50,92"
"1544839200";"15.12.2018 04:00";"51,06";"51,06";"51,06";"51,06"
"1544842800";"15.12.2018 05:00";"50,5";"50,5";"50,5";"50,5"
"1544846400";"15.12.2018 06:00";"50,78";"50,78";"50,78";"50,78"
"1544850000";"15.12.2018 07:00";"51,07";"51,07";"51,07";"51,07"
"1544853600";"15.12.2018 08:00";"52,21";"52,21";"52,21";"52,21"
"1544857200";"15.12.2018 09:00";"53,45";"53,45";"53,06";"53,06"
"1544860800";"15.12.2018 10:00";"66,76";"66,76";"53,87";"53,87"
"1544864400";"15.12.2018 11:00";"65,38";"65,38";"54,13";"54,13"
"1544868000";"15.12.2018 12:00";"67,27";"67,27";"54,12";"54,12"
"1544871600";"15.12.2018 13:00";"63,39";"63,39";"53,95";"53,95"
"1544875200";"15.12.2018 14:00";"58,71";"58,71";"53,91";"53,91"
"1544878800";"15.12.2018 15:00";"57,11";"57,11";"53,98";"53,98"
"1544882400";"15.12.2018 16:00";"58,86";"58,86";"53,89";"53,89"
"1544886000";"15.12.2018 17:00";"62,96";"62,96";"53,66";"53,66"
"1544889600";"15.12.2018 18:00";"62,01";"62,01";"54,71";"54,71"
"1544893200";"15.12.2018 19:00";"52,87";"52,87";"52,87";"52,87"
"1544896800";"15.12.2018 20:00";"51,41";"51,41";"51,41";"51,41"
"1544900400";"15.12.2018 21:00";"50,3";"50,3";"50,3";"50,3"
"1544904000";"15.12.2018 22:00";"49,41";"49,41";"49,41";"49,41"
"1544907600";"15.12.2018 23:00";"48,2";"48,2";"48,2";"48,2"
"1544911200";"16.12.2018 00:00";"46,59";"46,59";"46,59";"46,59"
"1544914800";"16.12.2018 01:00";"47,13";"47,13";"47,13";"47,13"
"1544918400";"16.12.2018 02:00";"46,98";"46,98";"46,98";"46,98"
"1544922000";"16.12.2018 03:00";"46,59";"46,59";"46,59";"46,59"
"1544925600";"16.12.2018 04:00";"46,25";"46,25";"46,25";"46,25"
"1544929200";"16.12.2018 05:00";"46,32";"46,32";"46,32";"46,32"
"1544932800";"16.12.2018 06:00";"46,34";"46,34";"46,34";"46,34"
"1544936400";"16.12.2018 07:00";"46,79";"46,79";"46,79";"46,79"
"1544940000";"16.12.2018 08:00";"47,59";"47,59";"47,59";"47,59"
"1544943600";"16.12.2018 09:00";"48,34";"48,34";"48,34";"48,34"
"1544947200";"16.12.2018 10:00";"48,67";"48,67";"48,67";"48,67"
"1544950800";"16.12.2018 11:00";"49,09";"49,09";"49,09";"49,09"
"1544954400";"16.12.2018 12:00";"50,55";"50,55";"50,55";"50,55"
"1544958000";"16.12.2018 13:00";"51,52";"51,52";"51,52";"51,52"
"1544961600";"16.12.2018 14:00";"51,45";"51,45";"51,45";"51,45"
"1544965200";"16.12.2018 15:00";"51,71";"51,71";"51,71";"51,71"
"1544968800";"16.12.2018 16:00";"52,49";"52,49";"52,49";"52,49"
"1544972400";"16.12.2018 17:00";"55,2";"55,2";"54,32";"55,2"
"1544976000";"16.12.2018 18:00";"57,08";"57,08";"54,76";"57,08"
"1544979600";"16.12.2018 19:00";"58,25";"58,25";"54,49";"58,25"
"1544983200";"16.12.2018 20:00";"52,93";"52,93";"52,93";"52,93"
"1544986800";"16.12.2018 21:00";"52,13";"52,13";"52,13";"52,13"
"1544990400";"16.12.2018 22:00";"51,57";"51,57";"51,57";"51,57"
"1544994000";"16.12.2018 23:00";"50,63";"50,63";"50,63";"50,63"
"1544997600";"17.12.2018 00:00";"49,82";"49,82";"49,82";"49,82"
"1545001200";"17.12.2018 01:00";"50,41";"50,41";"50,41";"50,41"
"1545004800";"17.12.2018 02:00";"49,94";"49,94";"49,94";"49,94"
"1545008400";"17.12.2018 03:00";"49,78";"49,78";"49,78";"49,78"
"1545012000";"17.12.2018 04:00";"49,05";"49,05";"49,05";"49,05"
"1545015600";"17.12.2018 05:00";"49,47";"49,47";"49,47";"49,47"
"1545019200";"17.12.2018 06:00";"52,03";"52,03";"52,03";"52,03"
"1545022800";"17.12.2018 07:00";"60,68";"60,68";"56,65";"56,65"
"1545026400";"17.12.2018 08:00";"75,6";"75,6";"75,6";"75,6"
"1545030000";"17.12.2018 09:00";"81,02";"81,02";"81,02";"81,02"
"1545033600";"17.12.2018 10:00";"80,04";"80,04";"80,04";"80,04"
"1545037200";"17.12.2018 11:00";"76,69";"76,69";"76,69";"76,69"
"1545040800";"17.12.2018 12:00";"77,73";"77,73";"77,73";"77,73"
"1545044400";"17.12.2018 13:00";"76,49";"76,49";"76,49";"76,49"
"1545048000";"17.12.2018 14:00";"76,49";"76,49";"76,49";"76,49"
"1545051600";"17.12.2018 15:00";"76,75";"76,75";"76,75";"76,75"
"1545055200";"17.12.2018 16:00";"78,81";"78,81";"78,81";"78,81"
"1545058800";"17.12.2018 17:00";"79,05";"79,05";"79,05";"79,05"
"1545062400";"17.12.2018 18:00";"80,9";"80,9";"80,9";"80,9"
"1545066000";"17.12.2018 19:00";"78,78";"78,78";"78,78";"78,78"
"1545069600";"17.12.2018 20:00";"70,15";"70,15";"70,15";"70,15"
"1545073200";"17.12.2018 21:00";"56,56";"56,56";"56,56";"56,56"
"1545076800";"17.12.2018 22:00";"54,86";"54,86";"54,86";"54,86"
"1545080400";"17.12.2018 23:00";"53,58";"53,58";"53,58";"53,58"
"1545084000";"18.12.2018 00:00";"52,5";"52,5";"52,5";"52,5"
"1545087600";"18.12.2018 01:00";"52,33";"52,33";"52,33";"52,33"
"1545091200";"18.12.2018 02:00";"51,02";"51,02";"51,02";"51,02"
"1545094800";"18.12.2018 03:00";"50,24";"50,24";"50,24";"50,24"
"1545098400";"18.12.2018 04:00";"49,42";"49,42";"49,42";"49,42"
"1545102000";"18.12.2018 05:00";"50,19";"50,19";"50,19";"50,19"
"1545105600";"18.12.2018 06:00";"52,91";"52,91";"52,91";"52,91"
"1545109200";"18.12.2018 07:00";"63,82";"63,82";"63,82";"63,82"
"1545112800";"18.12.2018 08:00";"71,22";"71,22";"71,22";"71,22"
"1545116400";"18.12.2018 09:00";"74,63";"74,63";"74,63";"74,63"
"1545120000";"18.12.2018 10:00";"72,04";"72,04";"72,04";"72,04"
"1545123600";"18.12.2018 11:00";"69,68";"69,68";"69,68";"69,68"
"1545127200";"18.12.2018 12:00";"67,63";"67,63";"67,63";"67,63"
"1545130800";"18.12.2018 13:00";"66,12";"66,12";"66,12";"66,12"
"1545134400";"18.12.2018 14:00";"66,43";"66,43";"66,43";"66,43"
"1545138000";"18.12.2018 15:00";"70,17";"70,17";"70,17";"70,17"
"1545141600";"18.12.2018 16:00";"72,06";"72,06";"72,06";"72,06"
"1545145200";"18.12.2018 17:00";"70,01";"74,04";"70,01";"70,01"
"1545148800";"18.12.2018 18:00";"70,09";"70,09";"70,09";"70,09"
"1545152400";"18.12.2018 19:00";"70,2";"70,2";"70,2";"70,2"
"1545156000";"18.12.2018 20:00";"55,07";"55,07";"55,07";"55,07"
"1545159600";"18.12.2018 21:00";"53,53";"53,53";"53,53";"53,53"
"1545163200";"18.12.2018 22:00";"52,56";"52,56";"52,56";"52,56"
"1545166800";"18.12.2018 23:00";"50,68";"50,68";"50,68";"50,68"
"1545170400";"19.12.2018 00:00";"48,82";"48,82";"48,82";"48,82"
"1545174000";"19.12.2018 01:00";"49,69";"49,69";"49,69";"49,69"
"1545177600";"19.12.2018 02:00";"49,11";"49,11";"49,11";"49,11"
"1545181200";"19.12.2018 03:00";"48,47";"48,47";"48,47";"48,47"
"1545184800";"19.12.2018 04:00";"48,1";"48,1";"48,1";"48,1"
"1545188400";"19.12.2018 05:00";"48,94";"48,94";"48,94";"48,94"
"1545192000";"19.12.2018 06:00";"50,69";"50,69";"50,69";"50,69"
"1545195600";"19.12.2018 07:00";"61,08";"61,08";"61,08";"61,08"
"1545199200";"19.12.2018 08:00";"67";"67";"67";"67"
"1545202800";"19.12.2018 09:00";"68,26";"68,26";"64,65";"64,65"
"1545206400";"19.12.2018 10:00";"70,81";"70,81";"65,02";"65,02"
"1545210000";"19.12.2018 11:00";"69,16";"69,16";"56,35";"56,35"
"1545213600";"19.12.2018 12:00";"65,89";"65,89";"56,68";"56,68"
"1545217200";"19.12.2018 13:00";"66,96";"66,96";"66,96";"66,96"
"1545220800";"19.12.2018 14:00";"67,97";"67,97";"67,97";"67,97"
"1545224400";"19.12.2018 15:00";"66,27";"66,27";"66,27";"66,27"
"1545228000";"19.12.2018 16:00";"66,97";"66,97";"66,97";"66,97"
"1545231600";"19.12.2018 17:00";"68,82";"68,82";"68,82";"68,82"
"1545235200";"19.12.2018 18:00";"68,16";"68,16";"68,16";"68,16"
"1545238800";"19.12.2018 19:00";"65,49";"65,49";"65,49";"65,49"
"1545242400";"19.12.2018 20:00";"64,07";"64,07";"55,15";"55,15"
"1545246000";"19.12.2018 21:00";"54,31";"54,31";"54,31";"54,31"
"1545249600";"19.12.2018 22:00";"53,13";"53,13";"53,13";"53,13"
"1545253200";"19.12.2018 23:00";"51,63";"51,63";"51,63";"51,63"
"1545256800";"20.12.2018 00:00";"50,08";"50,08";"50,08";"50,08"
"1545260400";"20.12.2018 01:00";"47,62";"47,62";"47,62";"47,62"
"1545264000";"20.12.2018 02:00";"48,18";"48,18";"48,18";"48,18"
"1545267600";"20.12.2018 03:00";"48,35";"48,35";"48,35";"48,35"
"1545271200";"20.12.2018 04:00";"47,5";"47,5";"47,5";"47,5"
"1545274800";"20.12.2018 05:00";"48,03";"48,03";"48,03";"48,03"
"1545278400";"20.12.2018 06:00";"51,36";"50,74";"51,36";"51,36"
"1545282000";"20.12.2018 07:00";"62,21";"62,21";"62,21";"62,21"
"1545285600";"20.12.2018 08:00";"66,83";"66,83";"66,83";"66,83"
"1545289200";"20.12.2018 09:00";"68,03";"68,03";"68,03";"68,03"
"1545292800";"20.12.2018 10:00";"68,4";"68,4";"68,4";"68,4"
"1545296400";"20.12.2018 11:00";"66,6";"66,6";"59,95";"59,95"
"1545300000";"20.12.2018 12:00";"66,53";"66,53";"59,95";"59,95"
"1545303600";"20.12.2018 13:00";"66,86";"66,86";"66,86";"66,86"
"1545307200";"20.12.2018 14:00";"66,89";"66,89";"66,89";"66,89"
"1545310800";"20.12.2018 15:00";"68,71";"68,71";"68,71";"68,71"
"1545314400";"20.12.2018 16:00";"70,59";"70,59";"70,59";"70,59"
"1545318000";"20.12.2018 17:00";"69,02";"69,02";"69,02";"69,02"
"1545321600";"20.12.2018 18:00";"69,03";"69,03";"69,03";"69,03"
"1545325200";"20.12.2018 19:00";"67,51";"67,51";"67,51";"67,51"
"1545328800";"20.12.2018 20:00";"66,8";"66,8";"59,98";"59,98"
"1545332400";"20.12.2018 21:00";"52,24";"52,24";"52,24";"52,24"
"1545336000";"20.12.2018 22:00";"51,33";"51,33";"51,33";"51,33"
"1545339600";"20.12.2018 23:00";"50";"50";"50";"50"
"1545343200";"21.12.2018 00:00";"48,12";"48,12";"48,12";"48,12"
"1545346800";"21.12.2018 01:00";"47,27";"47,27";"47,27";"47,27"
"1545350400";"21.12.2018 02:00";"46,52";"46,52";"46,52";"46,52"
"1545354000";"21.12.2018 03:00";"45,73";"45,73";"45,73";"45,73"
"1545357600";"21.12.2018 04:00";"46,15";"46,15";"46,15";"46,15"
"1545361200";"21.12.2018 05:00";"46,59";"46,59";"46,59";"46,59"
"1545364800";"21.12.2018 06:00";"50,21";"50,21";"50,21";"50,21"
"1545368400";"21.12.2018 07:00";"57,49";"57,49";"57,49";"57,49"
"1545372000";"21.12.2018 08:00";"65,99";"65,99";"65,99";"65,99"
"1545375600";"21.12.2018 09:00";"66";"66";"66";"66"
"1545379200";"21.12.2018 10:00";"66,67";"66,67";"66,67";"66,67"
"1545382800";"21.12.2018 11:00";"67,31";"67,31";"57,26";"67,31"
"1545386400";"21.12.2018 12:00";"66,37";"66,37";"56,21";"66,37"
"1545390000";"21.12.2018 13:00";"66,2";"66,2";"66,2";"66,2"
"1545393600";"21.12.2018 14:00";"66,01";"66,01";"66,01";"66,01"
"1545397200";"21.12.2018 15:00";"66,05";"66,05";"66,05";"66,05"
"1545400800";"21.12.2018 16:00";"67,03";"67,03";"67,03";"67,03"
"1545404400";"21.12.2018 17:00";"66,72";"66,72";"66,72";"66,72"
"1545408000";"21.12.2018 18:00";"66,04";"66,04";"66,04";"66,04"
"1545411600";"21.12.2018 19:00";"64,14";"64,14";"64,14";"64,14"
"1545415200";"21.12.2018 20:00";"59,51";"59,51";"52,76";"52,76"
"1545418800";"21.12.2018 21:00";"52,03";"52,03";"52,03";"52,03"
"1545422400";"21.12.2018 22:00";"51,43";"51,43";"51,43";"51,43"
"1545426000";"21.12.2018 23:00";"50,07";"50,07";"50,07";"50,07"
"1545429600";"22.12.2018 00:00";"49,01";"49,01";"49,01";"49,01"
"1545433200";"22.12.2018 01:00";"46,32";"46,09";"46,32";"46,32"
"1545436800";"22.12.2018 02:00";"45,51";"44,77";"45,51";"45,51"
"1545440400";"22.12.2018 03:00";"45,33";"44,68";"45,33";"45,33"
"1545444000";"22.12.2018 04:00";"45,3";"44,67";"45,3";"45,3"
"1545447600";"22.12.2018 05:00";"46,54";"46,04";"46,54";"46,54"
"1545451200";"22.12.2018 06:00";"47,9";"47,9";"47,9";"47,9"
"1545454800";"22.12.2018 07:00";"48,42";"48,42";"48,42";"48,42"
"1545458400";"22.12.2018 08:00";"49,44";"49,44";"49,44";"49,44"
"1545462000";"22.12.2018 09:00";"50,29";"50,29";"50,29";"50,29"
"1545465600";"22.12.2018 10:00";"51,52";"51,52";"51,52";"51,52"
"1545469200";"22.12.2018 11:00";"52,56";"52,56";"52,56";"52,56"
"1545472800";"22.12.2018 12:00";"53,08";"53,08";"53,08";"53,08"
"1545476400";"22.12.2018 13:00";"52,99";"52,99";"52,99";"52,99"
"1545480000";"22.12.2018 14:00";"53,13";"53,13";"53,13";"53,13"
"1545483600";"22.12.2018 15:00";"52,93";"52,93";"52,93";"52,93"
"1545487200";"22.12.2018 16:00";"53,78";"53,78";"53,78";"53,78"
"1545490800";"22.12.2018 17:00";"55,04";"55,04";"55,04";"55,04"
"1545494400";"22.12.2018 18:00";"56,52";"56,52";"56,52";"56,52"
"1545498000";"22.12.2018 19:00";"57,07";"57,07";"57,07";"57,07"
"1545501600";"22.12.2018 20:00";"55,29";"55,29";"55,29";"55,29"
"1545505200";"22.12.2018 21:00";"53,07";"53,07";"53,07";"53,07"
"1545508800";"22.12.2018 22:00";"52,07";"52,07";"52,07";"52,07"
"1545512400";"22.12.2018 23:00";"51,09";"51,09";"51,09";"51,09"
"1545516000";"23.12.2018 00:00";"50,47";"50,47";"50,47";"50,47"
"1545519600";"23.12.2018 01:00";"51,49";"46,57";"51,49";"51,49"
"1545523200";"23.12.2018 02:00";"50,83";"46,01";"50,83";"50,83"
"1545526800";"23.12.2018 03:00";"50,74";"42,7";"50,74";"50,74"
"1545530400";"23.12.2018 04:00";"50,14";"45,34";"50,14";"50,14"
"1545534000";"23.12.2018 05:00";"49,94";"46,03";"49,94";"49,94"
"1545537600";"23.12.2018 06:00";"50,46";"44,56";"50,46";"50,46"
"1545541200";"23.12.2018 07:00";"50,88";"50,88";"50,88";"50,88"
"1545544800";"23.12.2018 08:00";"51,37";"51,37";"51,37";"51,37"
"1545548400";"23.12.2018 09:00";"51,61";"51,61";"51,61";"51,61"
"1545552000";"23.12.2018 10:00";"52,22";"52,22";"52,22";"52,22"
"1545555600";"23.12.2018 11:00";"52,8";"52,8";"52,8";"52,8"
"1545559200";"23.12.2018 12:00";"53";"53";"53";"53"
"1545562800";"23.12.2018 13:00";"53,11";"53,11";"53,11";"53,11"
"1545566400";"23.12.2018 14:00";"52,93";"52,93";"52,93";"52,93"
"1545570000";"23.12.2018 15:00";"52,93";"52,93";"52,93";"52,93"
"1545573600";"23.12.2018 16:00";"53,75";"53,75";"53,75";"53,75"
"1545577200";"23.12.2018 17:00";"55,99";"55,99";"55,99";"55,99"
"1545580800";"23.12.2018 18:00";"61,2";"61,2";"61,2";"61,2"
"1545584400";"23.12.2018 19:00";"61,2";"61,2";"61,2";"61,2"
"1545588000";"23.12.2018 20:00";"57,42";"57,42";"57,42";"57,42"
"1545591600";"23.12.2018 21:00";"55,61";"55,61";"55,61";"55,61"
"1545595200";"23.12.2018 22:00";"53,99";"53,99";"53,99";"53,99"
"1545598800";"23.12.2018 23:00";"53,86";"53,86";"53,86";"53,86"
"1545602400";"24.12.2018 00:00";"52,32";"52,32";"52,32";"52,32"
"1545606000";"24.12.2018 01:00";"51,29";"46,09";"51,29";"51,29"
"1545609600";"24.12.2018 02:00";"50,31";"50,31";"50,31";"50,31"
"1545613200";"24.12.2018 03:00";"49,1";"49,1";"49,1";"49,1"
"1545616800";"24.12.2018 04:00";"48,76";"48,76";"48,76";"48,76"
"1545620400";"24.12.2018 05:00";"48,43";"46,09";"48,43";"48,43"
"1545624000";"24.12.2018 06:00";"49,71";"49,71";"49,71";"49,71"
"1545627600";"24.12.2018 07:00";"50,02";"50,02";"50,02";"50,02"
"1545631200";"24.12.2018 08:00";"50,56";"50,56";"50,56";"50,56"
"1545634800";"24.12.2018 09:00";"52,33";"52,33";"52,33";"52,33"
"1545638400";"24.12.2018 10:00";"53,39";"53,39";"53,39";"53,39"
"1545642000";"24.12.2018 11:00";"53,1";"53,1";"53,1";"53,1"
"1545645600";"24.12.2018 12:00";"52,88";"52,88";"52,88";"52,88"
"1545649200";"24.12.2018 13:00";"52,97";"52,97";"52,97";"52,97"
"1545652800";"24.12.2018 14:00";"52,46";"52,46";"52,46";"52,46"
"1545656400";"24.12.2018 15:00";"52,44";"52,44";"52,44";"52,44"
"1545660000";"24.12.2018 16:00";"52,9";"52,9";"52,9";"52,9"
"1545663600";"24.12.2018 17:00";"53,24";"53,24";"53,24";"53,24"
"1545667200";"24.12.2018 18:00";"52,61";"52,61";"52,61";"52,61"
"1545670800";"24.12.2018 19:00";"51,31";"51,31";"51,31";"51,31"
"1545674400";"24.12.2018 20:00";"50,74";"50,74";"50,74";"50,74"
"1545678000";"24.12.2018 21:00";"49,76";"49,76";"49,76";"49,76"
"1545681600";"24.12.2018 22:00";"48,53";"48,53";"48,53";"48,53"
"1545685200";"24.12.2018 23:00";"48,38";"43,87";"48,38";"48,38"
"1545688800";"25.12.2018 00:00";"46,4";"41,91";"46,4";"46,4"
"1545692400";"25.12.2018 01:00";"43,48";"38,09";"43,48";"43,48"
"1545696000";"25.12.2018 02:00";"41,27";"38,04";"41,27";"41,27"
"1545699600";"25.12.2018 03:00";"38,03";"38,03";"38,03";"38,03"
"1545703200";"25.12.2018 04:00";"35,21";"35,21";"35,21";"35,21"
"1545706800";"25.12.2018 05:00";"35,08";"35,08";"35,08";"35,08"
"1545710400";"25.12.2018 06:00";"42,99";"42,99";"42,99";"42,99"
"1545714000";"25.12.2018 07:00";"45,68";"45,68";"45,68";"45,68"
"1545717600";"25.12.2018 08:00";"46,46";"46,46";"46,46";"46,46"
"1545721200";"25.12.2018 09:00";"46,5";"46,5";"46,5";"46,5"
"1545724800";"25.12.2018 10:00";"46,31";"46,31";"46,31";"46,31"
"1545728400";"25.12.2018 11:00";"40,57";"40,57";"40,57";"40,57"
"1545732000";"25.12.2018 12:00";"42,26";"42,26";"42,26";"42,26"
"1545735600";"25.12.2018 13:00";"46,76";"46,76";"46,76";"46,76"
"1545739200";"25.12.2018 14:00";"46";"46";"46";"46"
"1545742800";"25.12.2018 15:00";"46,3";"46,3";"46,3";"46,3"
"1545746400";"25.12.2018 16:00";"47";"47";"47";"47"
"1545750000";"25.12.2018 17:00";"46,67";"46,67";"46,67";"46,67"
"1545753600";"25.12.2018 18:00";"46,26";"46,26";"46,26";"46,26"
"1545757200";"25.12.2018 19:00";"45,26";"45,26";"45,26";"45,26"
"1545760800";"25.12.2018 20:00";"42,74";"42,74";"42,74";"42,74"
"1545764400";"25.12.2018 21:00";"42,53";"42,53";"42,53";"42,53"
"1545768000";"25.12.2018 22:00";"38,68";"38,68";"38,68";"38,68"
"1545771600";"25.12.2018 23:00";"39,94";"39,94";"39,94";"39,94"
"1545775200";"26.12.2018 00:00";"27,4";"27,4";"27,4";"27,4"
"1545778800";"26.12.2018 01:00";"25,04";"25,04";"25,04";"25,04"
"1545782400";"26.12.2018 02:00";"24,57";"24,57";"24,57";"24,57"
"1545786000";"26.12.2018 03:00";"21,71";"21,71";"21,71";"21,71"
"1545789600";"26.12.2018 04:00";"23,68";"23,68";"23,68";"23,68"
"1545793200";"26.12.2018 05:00";"20,99";"20,99";"20,99";"20,99"
"1545796800";"26.12.2018 06:00";"28,51";"28,51";"28,51";"28,51"
"1545800400";"26.12.2018 07:00";"35,7";"35,7";"35,7";"35,7"
"1545804000";"26.12.2018 08:00";"46,48";"46,48";"46,48";"46,48"
"1545807600";"26.12.2018 09:00";"49,35";"49,35";"49,35";"49,35"
"1545811200";"26.12.2018 10:00";"50,97";"50,97";"50,97";"50,97"
"1545814800";"26.12.2018 11:00";"50,85";"50,85";"50,85";"50,85"
"1545818400";"26.12.2018 12:00";"51,19";"51,19";"51,19";"51,19"
"1545822000";"26.12.2018 13:00";"51,74";"51,74";"51,74";"51,74"
"1545825600";"26.12.2018 14:00";"51,81";"51,81";"51,81";"51,81"
"1545829200";"26.12.2018 15:00";"51,33";"51,33";"51,33";"51,33"
"1545832800";"26.12.2018 16:00";"51,92";"51,92";"51,92";"51,92"
"1545836400";"26.12.2018 17:00";"52,58";"52,58";"52,58";"52,58"
"1545840000";"26.12.2018 18:00";"52,53";"52,53";"52,53";"52,53"
"1545843600";"26.12.2018 19:00";"52,36";"52,36";"52,36";"52,36"
"1545847200";"26.12.2018 20:00";"50,99";"50,99";"50,99";"50,99"
"1545850800";"26.12.2018 21:00";"50,23";"50,23";"50,23";"50,23"
"1545854400";"26.12.2018 22:00";"49,73";"49,73";"49,73";"49,73"
"1545858000";"26.12.2018 23:00";"49,21";"49,21";"49,21";"49,21"
"1545861600";"27.12.2018 00:00";"48,03";"48,03";"48,03";"48,03"
"1545865200";"27.12.2018 01:00";"47,41";"47,41";"47,41";"47,41"
"1545868800";"27.12.2018 02:00";"47,1";"47,1";"47,1";"47,1"
"1545872400";"27.12.2018 03:00";"46,74";"46,74";"46,74";"46,74"
"1545876000";"27.12.2018 04:00";"45,03";"45,03";"45,03";"45,03"
"1545879600";"27.12.2018 05:00";"46,02";"46,02";"46,02";"46,02"
"1545883200";"27.12.2018 06:00";"49,74";"49,74";"49,74";"49,74"
"1545886800";"27.12.2018 07:00";"51,03";"51,03";"51,03";"51,03"
"1545890400";"27.12.2018 08:00";"52,58";"52,58";"52,58";"52,58"
"1545894000";"27.12.2018 09:00";"52,77";"52,77";"52,77";"52,77"
"1545897600";"27.12.2018 10:00";"53,81";"53,81";"53,39";"53,81"
"1545901200";"27.12.2018 11:00";"54,42";"54,42";"53,4";"54,42"
"1545904800";"27.12.2018 12:00";"54,53";"54,53";"53,24";"54,53"
"1545908400";"27.12.2018 13:00";"54,93";"54,93";"53,44";"54,93"
"1545912000";"27.12.2018 14:00";"55,88";"55,88";"53,25";"55,88"
"1545915600";"27.12.2018 15:00";"56,01";"56,01";"56,01";"56,01"
"1545919200";"27.12.2018 16:00";"56,06";"56,06";"56,06";"56,06"
"1545922800";"27.12.2018 17:00";"58,66";"58,66";"58,66";"58,66"
"1545926400";"27.12.2018 18:00";"59,81";"59,81";"57,96";"59,81"
"1545930000";"27.12.2018 19:00";"58,07";"58,07";"58,07";"58,07"
"1545933600";"27.12.2018 20:00";"56,15";"56,15";"52,9";"56,15"
"1545937200";"27.12.2018 21:00";"52,09";"52,09";"52,09";"52,09"
"1545940800";"27.12.2018 22:00";"51,22";"51,22";"51,22";"51,22"
"1545944400";"27.12.2018 23:00";"50,1";"50,1";"50,1";"50,1"
"1545948000";"28.12.2018 00:00";"48,98";"48,98";"48,98";"48,98"
"1545951600";"28.12.2018 01:00";"50,04";"50,04";"50,04";"50,04"
"1545955200";"28.12.2018 02:00";"49,42";"49,42";"49,42";"49,42"
"1545958800";"28.12.2018 03:00";"49,19";"49,19";"49,19";"49,19"
"1545962400";"28.12.2018 04:00";"48,51";"48,51";"48,51";"48,51"
"1545966000";"28.12.2018 05:00";"48,07";"48,07";"48,07";"48,07"
"1545969600";"28.12.2018 06:00";"50,12";"50,12";"50,12";"50,12"
"1545973200";"28.12.2018 07:00";"51,72";"51,72";"51,72";"51,72"
"1545976800";"28.12.2018 08:00";"52,95";"52,95";"52,95";"52,95"
"1545980400";"28.12.2018 09:00";"54,37";"54,37";"54,37";"54,37"
"1545984000";"28.12.2018 10:00";"55,21";"55,21";"55,21";"55,21"
"1545987600";"28.12.2018 11:00";"55,23";"55,23";"55,23";"55,23"
"1545991200";"28.12.2018 12:00";"55,21";"55,21";"55,21";"55,21"
"1545994800";"28.12.2018 13:00";"57,06";"57,06";"57,06";"57,06"
"1545998400";"28.12.2018 14:00";"59,95";"59,95";"59,95";"59,95"
"1546002000";"28.12.2018 15:00";"60,71";"60,71";"60,71";"60,71"
"1546005600";"28.12.2018 16:00";"63,56";"63,56";"63,56";"63,56"
"1546009200";"28.12.2018 17:00";"65,08";"65,08";"65,08";"65,08"
"1546012800";"28.12.2018 18:00";"65,33";"65,33";"65,33";"65,33"
"1546016400";"28.12.2018 19:00";"63,6";"63,6";"63,6";"63,6"
"1546020000";"28.12.2018 20:00";"60,75";"60,75";"55,25";"60,75"
"1546023600";"28.12.2018 21:00";"53,1";"53,1";"53,1";"53,1"
"1546027200";"28.12.2018 22:00";"52,4";"52,4";"52,4";"52,4"
"1546030800";"28.12.2018 23:00";"51,48";"51,48";"51,48";"51,48"
"1546034400";"29.12.2018 00:00";"50,18";"50,18";"50,18";"50,18"
"1546038000";"29.12.2018 01:00";"51,08";"51,08";"51,08";"51,08"
"1546041600";"29.12.2018 02:00";"49,87";"49,87";"49,87";"49,87"
"1546045200";"29.12.2018 03:00";"48,9";"48,9";"48,9";"48,9"
"1546048800";"29.12.2018 04:00";"47,15";"47,15";"47,15";"47,15"
"1546052400";"29.12.2018 05:00";"46,79";"46,79";"46,79";"46,79"
"1546056000";"29.12.2018 06:00";"47,21";"47,21";"47,21";"47,21"
"1546059600";"29.12.2018 07:00";"48,01";"48,01";"48,01";"48,01"
"1546063200";"29.12.2018 08:00";"50,02";"50,02";"50,02";"50,02"
"1546066800";"29.12.2018 09:00";"51,12";"51,12";"51,12";"51,12"
"1546070400";"29.12.2018 10:00";"52";"52";"52";"52"
"1546074000";"29.12.2018 11:00";"51,73";"51,73";"51,73";"51,73"
"1546077600";"29.12.2018 12:00";"51,74";"51,74";"51,74";"51,74"
"1546081200";"29.12.2018 13:00";"52,09";"52,09";"52,09";"52,09"
"1546084800";"29.12.2018 14:00";"51,98";"51,98";"51,98";"51,98"
"1546088400";"29.12.2018 15:00";"51,14";"51,14";"51,14";"51,14"
"1546092000";"29.12.2018 16:00";"50,79";"50,79";"50,79";"50,79"
"1546095600";"29.12.2018 17:00";"52,02";"52,02";"51,5";"52,02"
"1546099200";"29.12.2018 18:00";"52,67";"52,67";"52,67";"52,67"
"1546102800";"29.12.2018 19:00";"52";"52";"52";"52"
"1546106400";"29.12.2018 20:00";"50,79";"50,79";"50,79";"50,79"
"1546110000";"29.12.2018 21:00";"49,22";"49,22";"49,22";"49,22"
"1546113600";"29.12.2018 22:00";"48";"48";"48";"48"
"1546117200";"29.12.2018 23:00";"46,47";"46,47";"46,47";"46,47"
"1546120800";"30.12.2018 00:00";"44,45";"44,45";"44,45";"44,45"
"1546124400";"30.12.2018 01:00";"48,68";"48,68";"48,68";"48,68"
"1546128000";"30.12.2018 02:00";"48,05";"48,05";"48,05";"48,05"
"1546131600";"30.12.2018 03:00";"47,99";"47,99";"47,99";"47,99"
"1546135200";"30.12.2018 04:00";"48,03";"48,03";"48,03";"48,03"
"1546138800";"30.12.2018 05:00";"48,43";"48,43";"48,43";"48,43"
"1546142400";"30.12.2018 06:00";"48,76";"48,76";"48,76";"48,76"
"1546146000";"30.12.2018 07:00";"49,48";"49,48";"49,48";"49,48"
"1546149600";"30.12.2018 08:00";"49,84";"49,84";"49,84";"49,84"
"1546153200";"30.12.2018 09:00";"49,85";"49,85";"49,85";"49,85"
"1546156800";"30.12.2018 10:00";"49,46";"49,46";"49,46";"49,46"
"1546160400";"30.12.2018 11:00";"50,23";"50,23";"50,23";"50,23"
"1546164000";"30.12.2018 12:00";"51,16";"51,16";"51,16";"51,16"
"1546167600";"30.12.2018 13:00";"51,16";"51,16";"51,16";"51,16"
"1546171200";"30.12.2018 14:00";"50,14";"50,14";"50,14";"50,14"
"1546174800";"30.12.2018 15:00";"50,05";"50,05";"50,05";"50,05"
"1546178400";"30.12.2018 16:00";"51,09";"51,09";"51,09";"51,09"
"1546182000";"30.12.2018 17:00";"52,34";"52,34";"52,34";"52,34"
"1546185600";"30.12.2018 18:00";"54,39";"54,39";"54,39";"54,39"
"1546189200";"30.12.2018 19:00";"55,13";"55,13";"55,13";"55,13"
"1546192800";"30.12.2018 20:00";"55";"55";"55";"55"
"1546196400";"30.12.2018 21:00";"53,98";"53,98";"53,98";"53,98"
"1546200000";"30.12.2018 22:00";"52,98";"52,98";"52,98";"52,98"
"1546203600";"30.12.2018 23:00";"52,99";"52,99";"52,99";"52,99"
"1546207200";"31.12.2018 00:00";"51,98";"51,98";"51,98";"51,98"
"1546210800";"31.12.2018 01:00";"49,85";"49,85";"49,85";"49,85"
"1546214400";"31.12.2018 02:00";"49,13";"49,13";"49,13";"49,13"
"1546218000";"31.12.2018 03:00";"48,28";"48,28";"48,28";"48,28"
"1546221600";"31.12.2018 04:00";"45,92";"45,92";"45,92";"45,92"
"1546225200";"31.12.2018 05:00";"45,47";"45,47";"45,47";"45,47"
"1546228800";"31.12.2018 06:00";"47,11";"47,11";"47,11";"47,11"
"1546232400";"31.12.2018 07:00";"49,12";"49,12";"49,12";"49,12"
"1546236000";"31.12.2018 08:00";"49,8";"49,8";"49,8";"49,8"
"1546239600";"31.12.2018 09:00";"49,74";"49,74";"49,74";"49,74"
"1546243200";"31.12.2018 10:00";"50,06";"50,06";"50,06";"50,06"
"1546246800";"31.12.2018 11:00";"50,76";"50,76";"50,76";"50,76"
"1546250400";"31.12.2018 12:00";"50,85";"50,85";"50,85";"50,85"
"1546254000";"31.12.2018 13:00";"50,09";"50,09";"50,09";"50,09"
"1546257600";"31.12.2018 14:00";"49,97";"49,97";"49,97";"49,97"
"1546261200";"31.12.2018 15:00";"49,96";"49,96";"49,96";"49,96"
"1546264800";"31.12.2018 16:00";"50,51";"50,51";"50,51";"50,51"
"1546268400";"31.12.2018 17:00";"50,83";"50,83";"50,83";"50,83"
"1546272000";"31.12.2018 18:00";"50,11";"50,11";"50,11";"50,11"
"1546275600";"31.12.2018 19:00";"49,35";"49,35";"49,35";"49,35"
"1546279200";"31.12.2018 20:00";"47,51";"47,51";"47,51";"47,51"
"1546282800";"31.12.2018 21:00";"45,82";"45,82";"45,82";"45,82"
"1546286400";"31.12.2018 22:00";"43,03";"43,03";"43,03";"43,03"
"1546290000";"31.12.2018 23:00";"38,54";"38,54";"38,54";"38,54"
